Interval 1: 0 1 2 3 4 5 6 7 8 9 10 11 12 13 14 15 16 17 18 19 20 21 22 23 24 25 26 27 28 29 30 31 
Interval 2: 31 32 33 34 35 36 37 38 39 40 41 42 43 44 45 46 47 48 49 50 51 52 53 54 55 56 57 58 59 60 61 62 63 
Interval 3: 63 64 65 66 67 68 69 70 71 72 73 74 75 76 77 78 79 80 81 82 83 84 85 86 87 88 89 90 91 92 93 94 95 
Interval 4: 95 96 97 98 99 100 101 102 103 104 105 106 107 108 109 110 111 112 113 114 115 116 117 118 119 120 121 122 123 124 125 126 127 
Interval 5: 77 78 127 
Interval 6: 72 73 74 75 76 77 
Interval 7: 67 68 69 70 71 72 
Interval 8: 63 64 65 66 67 126 127 
Interval 9: 58 59 60 61 62 63 116 117 118 119 120 121 122 123 124 125 126 
Interval 10: 53 54 55 56 57 58 106 107 108 109 110 111 112 113 114 115 116 
Interval 11: 48 49 50 51 52 53 96 97 98 99 100 101 102 103 104 105 106 
Interval 12: 43 44 45 46 47 48 87 88 89 90 91 92 93 94 95 96 
Interval 13: 38 39 40 41 42 43 77 78 79 80 81 82 83 84 85 86 87 
Interval 14: 36 37 38 73 74 75 76 77 
Interval 15: 34 35 36 68 69 70 71 72 73 
Interval 16: 31 32 33 34 63 64 65 66 67 68 126 127 
Interval 17: 29 30 31 58 59 60 61 62 63 116 117 118 119 120 121 122 123 124 125 126 
Interval 18: 26 27 28 29 53 54 55 56 57 58 107 108 109 110 111 112 113 114 115 116 
Interval 19: 24 25 26 48 49 50 51 52 53 97 98 99 100 101 102 103 104 105 106 107 
Interval 20: 21 22 23 24 43 44 45 46 47 48 87 88 89 90 91 92 93 94 95 96 97 
Interval 21: 19 20 21 38 39 40 41 42 43 77 78 79 80 81 82 83 84 85 86 87 
Interval 22: 17 18 19 35 36 37 38 71 72 73 74 75 76 77 
Interval 23: 16 17 32 33 34 35 65 66 67 68 69 70 71 
Interval 24: 14 15 16 29 30 31 32 58 59 60 61 62 63 64 65 117 118 119 120 121 122 123 124 125 126 127 
Interval 25: 13 14 26 27 28 29 52 53 54 55 56 57 58 105 106 107 108 109 110 111 112 113 114 115 116 117 
Interval 26: 11 12 13 22 23 24 25 26 45 46 47 48 49 50 51 52 91 92 93 94 95 96 97 98 99 100 101 102 103 104 
Interval 27: 9 10 11 19 20 21 22 39 40 41 42 43 44 45 78 79 80 81 82 83 84 85 86 87 88 89 90 91 
Interval 28: 8 9 17 18 19 34 35 36 37 38 39 69 70 71 72 73 74 75 76 77 78 
Interval 29: 7 8 14 15 16 17 29 30 31 32 33 34 59 60 61 62 63 64 65 66 67 68 69 119 120 121 122 123 124 125 126 127 
Interval 30: 6 7 12 13 14 25 26 27 28 29 50 51 52 53 54 55 56 57 58 59 100 101 102 103 104 105 106 107 108 109 110 111 112 113 114 115 116 117 118 119 
Interval 31: 5 6 10 11 12 20 21 22 23 24 25 40 41 42 43 44 45 46 47 48 49 50 81 82 83 84 85 86 87 88 89 90 91 92 93 94 95 96 97 98 99 100 
Interval 32: 4 5 8 9 10 16 17 18 19 20 33 34 35 36 37 38 39 40 66 67 68 69 70 71 72 73 74 75 76 77 78 79 80 81 
Interval 33: 3 4 6 7 8 12 13 14 15 16 25 26 27 28 29 30 31 32 51 52 53 54 55 56 57 58 59 60 61 62 63 64 65 103 104 105 106 107 108 109 110 111 113 114 115 116 117 118 119 120 121 122 123 124 125 126 127 
Interval 34: 2 3 4 5 6 9 10 11 12 18 19 20 21 22 23 24 25 37 38 39 40 41 42 43 44 45 46 47 48 49 50 51 74 75 76 77 78 79 80 81 82 83 84 85 86 87 88 89 90 91 92 93 94 95 97 98 99 100 101 102 
Interval 35: 1 2 3 4 6 7 8 9 12 13 14 15 16 17 18 25 26 27 28 29 30 31 32 33 34 35 36 50 51 52 53 54 55 56 57 58 59 60 61 62 63 64 65 66 67 68 69 70 71 72 73 101 102 103 105 106 107 108 110 111 112 113 114 117 118 119 122 123 124 125 126 
Interval 36: 0 1 2 3 4 5 6 7 8 9 10 11 12 14 15 16 17 18 19 20 21 22 23 24 28 29 30 31 32 33 34 35 36 37 38 39 40 41 42 43 44 45 46 47 48 49 50 56 57 58 59 60 61 63 64 65 66 67 68 69 70 71 73 74 75 76 77 78 79 80 81 83 84 85 86 90 91 93 96 98 99 113 115 119 123 126 127 
Interval 37: 0 1 2 3 4 5 6 7 8 9 10 11 12 13 14 15 16 17 18 19 20 21 22 23 24 25 26 27 28 29 30 31 32 33 34 35 36 37 38 39 40 41 42 43 44 45 46 47 48 49 50 51 52 53 54 55 56 59 63 65 66 67 68 69 70 71 72 73 74 75 77 79 80 81 82 84 87 88 89 90 91 92 93 95 96 98 99 103 104 106 108 110 111 119 127 
Interval 38: 0 1 2 3 4 5 6 7 8 9 10 11 12 13 14 15 16 17 18 19 20 21 22 23 24 25 26 27 28 29 30 31 32 34 35 36 37 38 39 40 41 45 46 48 52 53 54 57 59 60 61 62 63 64 69 70 71 72 73 74 77 78 81 82 83 91 93 96 104 107 109 115 118 119 120 121 122 125 126 
Interval 39: 0 1 2 3 4 5 6 7 8 9 10 11 12 13 14 15 16 17 18 19 20 23 24 26 28 29 30 31 32 33 34 35 36 37 38 39 40 41 46 49 52 53 57 58 59 60 61 62 63 64 66 67 68 70 72 73 75 76 78 80 82 94 98 104 115 116 118 120 122 125 126 
Interval 40: 0 1 2 3 4 5 6 7 8 9 10 11 12 13 14 15 16 17 18 19 20 21 22 23 24 25 26 27 28 29 30 31 32 33 34 35 37 38 39 40 42 43 45 46 48 49 50 53 55 56 57 58 60 61 62 64 66 69 70 71 75 77 78 84 86 92 96 99 100 106 111 112 114 115 116 120 121 122 125 
Interval 41: 0 1 2 3 4 5 6 7 8 9 10 11 12 13 14 15 16 17 18 19 20 21 22 24 25 27 28 29 30 32 33 34 35 36 38 41 42 43 44 45 48 51 54 55 56 57 58 59 60 61 64 66 68 69 71 72 76 77 82 83 84 86 89 97 103 108 113 114 115 117 121 122 
Interval 42: 0 1 2 3 4 5 6 7 8 9 10 11 12 13 14 15 16 17 18 19 20 21 23 24 25 27 28 29 30 32 33 34 35 36 37 38 39 41 42 46 47 48 49 50 56 58 60 61 64 65 66 68 69 70 71 72 73 74 75 76 77 79 83 84 92 95 96 97 98 101 117 120 121 122 
Interval 43: 0 1 2 3 4 5 6 7 8 9 10 11 12 13 14 15 16 17 18 19 20 21 22 24 26 27 28 29 30 31 32 33 34 35 36 37 38 39 40 42 43 44 45 49 53 55 57 58 59 60 63 64 65 67 68 69 71 73 75 76 78 79 90 99 107 110 114 119 121 126 127 
Interval 44: 0 1 2 3 4 5 6 7 8 9 10 11 12 13 14 15 16 17 18 19 20 21 22 23 25 26 27 28 29 30 31 32 33 34 35 36 37 38 39 41 42 44 45 46 47 50 52 54 56 58 59 60 63 64 67 68 69 70 71 72 74 76 83 84 88 90 93 95 101 117 118 120 126 
Interval 45: 0 1 2 3 4 5 6 7 8 9 10 11 12 13 14 15 16 17 18 19 20 21 23 24 26 28 29 30 31 32 33 34 35 37 38 40 42 43 46 48 49 52 57 58 59 60 61 62 63 64 65 67 68 69 70 71 72 74 75 77 80 81 85 87 92 96 98 99 104 114 116 119 120 121 123 124 126 
Interval 46: 0 1 2 3 4 5 6 7 8 9 10 11 12 13 14 15 16 17 18 19 20 21 22 23 25 26 28 29 30 31 32 33 34 35 36 37 38 41 42 44 45 47 51 52 53 57 59 60 62 65 66 67 68 69 71 72 73 74 75 76 77 82 83 85 88 90 95 102 105 107 115 118 120 124 
Interval 47: 0 1 2 3 4 5 6 7 8 9 10 11 12 13 14 15 16 17 19 20 21 22 23 24 26 27 28 29 30 31 32 33 34 35 38 39 41 42 44 45 47 48 52 53 54 55 56 57 59 60 63 65 66 68 69 70 77 79 85 88 91 95 97 105 107 109 111 112 113 115 118 126 
Interval 48: 0 1 2 3 4 5 6 7 8 9 10 11 12 13 14 15 16 17 18 19 21 22 23 24 25 26 27 28 29 30 31 32 33 34 35 36 37 38 39 42 44 47 48 50 52 53 54 55 56 59 60 62 63 65 66 69 70 71 72 73 75 76 79 85 88 94 95 97 105 110 112 118 121 124 
Interval 49: 0 1 2 3 4 5 6 7 8 9 10 11 12 13 14 15 16 17 18 19 21 22 23 24 25 26 27 28 29 30 31 32 33 34 35 36 37 38 39 42 43 45 46 48 50 51 52 53 55 56 59 60 62 64 66 69 70 72 73 74 75 76 77 78 84 86 90 91 92 97 100 102 104 106 111 112 113 119 120 124 125 
Interval 50: 0 1 2 3 4 5 6 7 8 9 10 11 12 13 14 15 16 17 18 19 20 22 23 24 25 26 27 28 29 30 32 34 35 36 37 38 40 41 44 45 47 48 49 50 51 53 54 57 58 59 60 65 69 71 73 75 76 81 83 89 91 96 99 101 103 107 108 109 114 115 117 118 119 120 121 
Interval 51: 0 1 2 3 4 5 6 7 8 9 10 11 12 13 14 15 16 17 18 19 20 21 22 23 24 25 26 28 29 30 31 32 34 35 36 37 38 39 40 43 44 45 47 48 50 51 52 56 57 58 59 60 61 62 63 64 65 68 71 72 74 75 77 79 80 86 87 88 91 95 96 101 102 104 112 114 116 117 118 120 122 123 124 
Interval 52: 0 1 2 3 4 5 6 7 8 9 10 11 12 13 14 15 16 17 18 19 20 21 22 23 24 25 26 27 29 30 32 33 34 35 36 37 38 39 40 43 44 45 46 49 50 52 53 54 55 58 60 64 65 67 68 70 71 72 73 74 75 76 77 79 80 86 88 89 90 93 98 101 104 107 109 110 111 116 
Interval 53: 0 1 2 3 4 5 6 7 8 9 10 11 12 13 14 15 16 17 18 19 20 21 23 24 25 26 27 28 29 30 31 32 33 34 35 37 38 39 40 41 43 47 48 50 51 52 53 54 56 58 59 60 62 63 64 65 66 67 68 69 71 75 76 79 80 82 94 96 101 105 106 107 108 109 113 117 118 119 121 124 126 
Interval 54: 0 1 2 3 4 5 6 7 8 9 10 11 12 13 15 16 17 18 19 20 22 23 24 25 27 30 31 32 33 34 35 36 38 39 40 41 44 45 46 47 48 49 50 51 54 55 61 63 64 66 68 69 70 73 77 78 88 90 93 94 97 98 100 102 109 110 111 123 
Interval 55: 0 1 2 3 4 5 6 7 8 9 10 11 12 13 14 15 16 17 18 19 21 22 23 24 25 26 27 29 30 31 32 33 34 35 36 37 38 39 42 44 45 46 47 49 50 51 52 53 55 58 59 61 62 66 69 70 71 72 74 75 76 77 78 79 91 93 95 98 99 100 107 116 118 123 
Interval 56: 0 1 2 3 4 5 6 7 8 9 10 11 12 13 14 15 16 17 18 19 21 23 24 25 26 28 29 30 31 32 33 34 35 36 37 38 39 42 43 47 48 50 51 52 53 56 58 59 60 62 64 66 68 69 70 72 73 74 75 77 78 84 87 94 96 102 105 107 112 116 120 
Interval 57: 0 1 2 3 4 5 6 7 8 9 10 11 12 13 14 15 16 17 18 19 20 21 22 23 24 25 26 27 28 29 30 31 32 34 35 36 37 38 40 41 42 45 47 48 50 51 52 53 56 57 58 59 60 61 62 63 64 68 69 71 73 74 76 77 81 82 83 85 90 91 97 100 104 105 106 112 115 116 118 121 122 125 126 127 
Interval 58: 0 1 2 3 4 5 6 7 8 9 10 11 12 13 14 15 16 17 19 20 21 22 23 24 26 27 28 29 30 31 32 33 34 35 38 39 40 43 44 45 46 47 48 52 53 55 56 57 59 60 62 63 64 65 67 68 71 77 79 81 86 88 91 93 95 96 104 107 110 113 119 120 121 124 
Interval 59: 0 1 2 3 4 5 6 7 8 9 10 11 12 13 14 15 16 17 18 19 21 22 23 24 25 26 27 29 30 31 33 34 36 37 38 42 45 46 47 48 49 51 52 54 59 60 61 62 66 67 68 69 73 74 75 76 77 85 90 91 92 94 96 97 100 102 103 104 105 108 109 118 121 123 124 125 
Interval 60: 0 1 2 3 4 5 6 7 8 9 10 11 12 13 14 15 16 17 18 19 20 21 22 23 24 25 27 28 29 30 31 32 33 35 36 37 38 40 41 42 43 44 45 46 47 48 50 55 56 59 60 61 62 65 67 71 72 74 75 76 77 81 86 89 91 92 93 95 97 101 110 112 118 120 121 123 125 
Interval 61: 0 1 2 3 4 5 6 7 8 9 10 11 12 13 14 15 16 17 18 19 20 21 22 23 25 26 27 28 29 30 31 32 34 35 36 37 38 40 41 42 43 44 45 46 50 52 53 55 56 59 60 61 62 63 69 70 71 72 73 74 77 81 83 84 86 89 92 93 105 106 107 110 113 118 123 125 126 
Interval 62: 0 1 2 3 4 5 6 7 8 9 10 11 12 13 14 15 16 17 18 19 20 21 22 23 24 25 26 28 29 30 32 34 35 37 38 40 41 42 43 45 47 48 49 50 51 52 56 59 61 64 65 68 69 70 71 75 76 77 80 82 85 86 87 90 91 94 96 97 98 101 102 103 112 113 119 122 
Interval 63: 0 1 2 3 4 5 6 7 8 9 10 11 12 13 14 15 16 17 18 20 21 22 23 24 26 28 29 30 31 32 33 35 36 37 40 41 43 45 46 48 49 52 53 56 57 58 59 60 61 62 63 64 65 66 70 71 72 74 75 83 87 90 91 92 96 97 99 104 105 107 113 114 117 118 121 123 125 127 
Interval 64: 0 1 2 3 4 5 6 7 8 9 10 11 12 13 14 15 16 17 18 19 20 21 22 23 24 25 27 28 29 30 31 32 34 35 37 38 39 40 41 43 44 45 46 47 48 50 51 55 56 58 60 62 64 68 71 74 75 76 77 78 79 81 86 88 89 91 95 96 100 111 113 116 120 121 124 
Interval 65: 0 1 2 3 4 5 6 7 8 9 10 11 12 13 14 15 16 17 18 20 21 23 25 26 28 29 30 31 32 33 34 35 36 37 40 41 43 47 50 52 53 56 57 58 59 61 62 63 64 65 66 68 70 71 73 74 80 82 83 86 87 94 101 106 112 114 117 123 125 126 
Interval 66: 0 1 2 3 4 5 6 7 8 9 10 11 12 13 14 15 16 17 18 19 20 21 22 23 24 25 26 27 28 30 31 33 34 35 36 38 39 41 42 43 45 46 48 51 53 54 57 60 61 62 63 65 66 67 69 70 71 72 73 76 78 79 83 85 86 87 91 92 96 102 103 106 107 120 121 122 125 126 
Interval 67: 0 1 2 3 4 5 6 7 8 9 10 11 12 13 14 15 16 17 18 19 20 22 23 24 25 26 27 28 29 30 31 32 33 34 35 36 37 39 40 44 45 46 47 49 50 53 54 55 56 57 59 60 63 64 65 67 68 69 70 71 72 73 74 79 81 91 92 95 99 101 106 109 110 112 114 118 119 126 
Interval 68: 0 1 2 3 4 5 6 7 8 9 10 11 12 13 15 16 17 18 19 20 21 22 23 24 25 26 30 31 33 34 35 36 37 39 40 41 42 44 47 48 49 50 51 52 60 61 62 66 68 69 70 72 73 74 75 78 79 80 83 89 97 98 101 102 103 105 122 123 125 
Interval 69: 0 1 2 3 4 5 6 7 8 9 10 11 12 13 14 15 16 17 18 19 20 21 23 24 25 26 27 29 30 31 32 35 36 38 39 40 41 42 43 46 47 48 49 50 51 52 53 54 59 60 61 63 64 65 70 71 72 76 77 79 83 85 87 93 95 96 99 100 101 102 103 105 107 108 109 119 127 
Interval 70: 0 1 2 3 4 5 6 7 8 9 10 11 12 13 14 15 16 17 18 19 20 21 22 23 24 25 26 27 29 30 32 33 35 36 37 38 39 41 43 44 45 46 48 49 50 53 54 59 60 64 65 66 67 70 71 72 74 75 76 77 79 82 86 88 89 90 99 107 108 118 121 
Interval 71: 0 1 2 3 4 5 6 7 8 9 10 11 12 13 14 15 16 17 18 19 20 21 22 23 24 26 27 28 30 31 33 34 35 36 37 38 39 41 42 44 46 47 48 49 52 53 54 56 57 60 61 62 63 66 67 68 70 72 74 76 78 79 83 84 88 89 93 95 96 98 104 107 108 112 115 120 122 124 127 
Interval 72: 0 1 2 3 4 5 6 7 8 9 10 11 12 13 14 15 16 17 18 19 20 21 22 23 24 25 26 27 28 29 30 33 34 35 36 37 38 39 41 43 44 45 48 50 51 53 54 56 58 60 61 67 69 70 71 72 74 75 77 82 86 87 88 90 96 97 102 103 107 108 109 112 117 121 
Interval 73: 0 1 2 3 4 5 6 7 8 9 10 11 12 13 14 15 16 17 18 19 20 21 23 24 25 26 27 28 29 31 32 33 34 36 38 39 40 43 46 47 49 50 51 52 54 55 57 58 62 63 65 67 68 73 76 77 86 87 92 95 99 101 102 103 105 109 111 115 117 124 127 
Interval 74: 0 1 2 3 4 5 6 7 8 9 10 11 12 13 14 15 16 17 18 19 20 22 23 24 25 26 27 28 29 30 32 33 34 35 36 38 41 44 46 47 49 50 51 53 54 55 56 58 60 61 64 65 67 68 69 71 72 76 77 82 89 92 93 95 99 100 101 107 109 110 112 116 120 122 
Interval 75: 0 1 2 3 4 5 6 7 8 9 10 11 12 13 14 15 16 17 18 19 21 23 24 26 27 29 30 31 32 33 34 35 36 37 38 42 43 46 48 49 52 54 55 58 59 60 61 62 63 64 65 67 68 70 71 72 73 74 75 77 85 92 96 98 99 105 108 110 111 118 119 123 124 126 127 
Interval 76: 0 1 2 3 4 5 6 7 8 9 10 11 12 13 14 15 16 17 18 19 20 21 22 23 24 25 26 27 28 29 30 31 32 33 34 35 36 38 41 42 43 44 46 47 48 49 50 55 57 59 61 62 63 66 68 70 71 73 76 77 82 84 87 88 89 93 96 97 99 101 110 111 114 115 122 123 124 125 127 
Interval 77: 0 1 2 3 4 5 6 7 8 9 10 11 12 13 14 15 16 17 18 19 20 21 22 23 24 25 26 27 29 30 31 32 33 34 35 36 38 39 40 43 44 45 47 48 52 54 55 58 60 63 64 65 66 67 68 69 71 73 77 78 80 81 87 88 91 95 96 104 105 108 110 117 121 127 
Interval 78: 0 1 2 3 4 5 6 7 8 9 10 11 12 13 14 15 16 17 18 20 21 22 23 24 25 26 27 28 29 30 31 32 33 34 35 36 37 41 43 44 47 48 49 50 51 52 53 54 57 58 59 60 62 63 64 65 66 68 70 71 72 74 83 87 89 94 96 101 102 104 105 107 109 115 116 119 120 121 124 127 
Interval 79: 0 1 2 3 4 5 6 7 8 9 10 11 12 13 14 15 16 17 18 19 21 22 23 24 25 26 27 28 29 30 31 33 34 35 36 37 38 39 43 44 45 46 48 49 50 51 52 54 55 56 57 59 61 62 63 66 67 69 71 72 73 74 75 77 79 87 88 89 91 92 97 99 101 102 104 109 110 112 115 119 123 125 126 
Interval 80: 0 1 2 3 4 5 6 7 8 9 10 11 12 13 14 15 16 17 18 19 20 21 22 24 25 26 27 28 31 32 33 34 35 36 37 38 41 42 43 44 45 48 50 52 54 56 57 63 64 65 66 69 71 72 74 77 83 84 87 88 91 97 104 108 109 113 114 126 127 
Interval 81: 0 1 2 3 4 5 6 7 8 9 10 11 12 13 14 15 16 17 18 19 20 21 22 23 24 25 26 27 28 29 31 32 34 36 37 38 40 41 42 46 47 48 49 50 51 52 53 54 55 56 57 59 62 63 64 65 68 72 73 74 75 76 81 84 85 93 94 95 98 100 106 108 110 111 112 115 118 
Interval 82: 0 1 2 3 4 5 6 7 8 9 10 11 12 13 14 15 16 17 18 19 20 21 22 23 24 25 26 27 29 30 31 32 33 34 35 36 37 38 41 42 44 47 49 50 52 53 54 59 60 61 62 64 65 67 68 69 70 73 74 76 77 83 85 88 95 98 101 105 106 108 118 120 123 
Interval 83: 0 1 2 3 4 5 6 7 8 9 10 11 12 13 14 15 16 17 18 19 20 21 22 23 25 26 27 28 29 30 31 32 33 34 35 36 37 38 39 41 42 43 44 46 50 52 54 56 57 59 60 62 65 67 68 69 71 72 73 75 77 78 82 85 86 87 88 92 93 100 104 109 113 114 120 124 
Interval 84: 0 1 2 3 4 5 6 7 8 9 10 11 12 13 14 15 16 17 18 19 20 22 24 25 26 27 28 29 30 31 32 33 34 35 36 37 38 39 40 41 45 48 50 51 52 53 54 55 56 57 58 59 61 62 64 66 68 70 72 73 77 79 80 82 90 96 104 109 111 112 116 119 124 
Interval 85: 0 1 2 3 4 5 6 7 8 9 10 11 12 13 14 15 16 17 18 19 20 21 22 23 24 25 26 27 29 30 31 32 33 34 35 36 37 38 39 40 43 44 45 46 47 48 50 52 53 54 58 60 61 62 63 64 66 68 69 70 72 74 75 76 77 79 81 86 89 91 92 94 95 96 101 104 107 109 116 120 125 126 
Interval 86: 0 1 2 3 4 5 6 7 8 9 10 11 12 13 14 15 16 17 18 19 20 21 22 23 24 25 27 28 29 30 31 32 33 34 35 36 37 38 39 41 42 43 44 45 47 49 50 51 54 57 58 60 61 62 63 65 66 68 69 70 71 72 73 74 75 77 79 82 85 86 88 90 95 99 100 102 109 114 116 121 126 
Interval 87: 0 1 2 3 4 5 6 7 8 9 10 11 12 13 14 15 16 17 18 19 20 21 22 23 24 25 26 28 30 31 32 33 34 35 37 39 40 41 42 43 44 46 47 48 49 50 51 52 53 57 61 62 63 64 65 67 68 69 70 71 75 78 80 83 85 86 89 92 95 97 98 103 104 106 107 114 122 124 125 126 
Interval 88: 0 1 2 3 4 5 6 7 8 9 10 11 12 13 14 15 16 17 18 19 21 23 24 25 26 27 28 29 30 31 32 33 34 36 37 38 39 42 46 47 48 49 51 52 53 54 56 57 58 60 61 62 64 65 66 68 69 72 75 76 78 79 85 92 94 95 97 99 105 106 109 112 113 114 116 121 122 124 
Interval 89: 0 1 2 3 4 5 6 7 8 9 10 11 12 13 14 15 16 17 18 20 21 22 23 24 25 26 27 28 29 30 31 32 33 34 37 40 43 44 46 48 50 51 52 53 55 56 57 58 59 60 61 63 64 66 67 68 74 88 92 96 100 101 103 107 110 111 113 115 116 119 121 123 126 
Interval 90: 0 1 2 3 4 5 6 7 8 9 10 11 12 13 14 15 16 17 18 19 20 21 22 23 24 25 26 27 28 30 31 33 34 35 36 38 40 42 45 46 49 50 52 53 54 55 57 60 61 62 66 67 68 69 70 71 72 73 76 80 81 85 92 98 99 105 107 108 111 120 121 122 
Interval 91: 0 1 2 3 4 5 6 7 8 9 10 11 12 13 14 15 16 17 18 19 20 21 22 23 24 25 26 27 28 29 30 32 33 34 35 36 37 38 40 41 42 44 45 46 47 48 49 50 51 52 53 54 56 58 59 61 64 67 68 69 71 72 73 75 76 77 80 81 82 85 93 94 96 99 100 105 106 107 109 113 117 119 123 
Interval 92: 0 1 2 3 4 5 6 7 8 9 10 11 12 13 14 15 16 17 18 19 21 22 23 24 25 26 28 29 30 31 32 33 34 36 37 38 39 43 44 47 48 49 50 51 52 53 56 57 59 60 61 62 64 66 67 68 69 73 74 76 78 86 95 97 99 102 105 113 115 118 119 121 123 
Interval 93: 0 1 2 3 4 5 6 7 8 9 10 11 12 13 14 15 16 17 18 19 20 21 22 23 24 25 26 27 28 29 30 31 32 33 34 35 36 37 39 41 42 43 44 47 49 51 53 54 56 57 58 59 61 63 64 65 67 68 70 71 72 73 78 79 82 84 87 88 95 98 102 106 108 112 115 116 123 126 
Interval 94: 0 1 2 3 4 5 6 7 8 9 10 11 12 13 14 15 16 17 18 19 20 22 23 24 25 27 28 29 30 31 32 33 34 35 36 37 38 39 40 41 44 47 48 51 54 55 56 58 60 61 62 63 64 65 67 68 69 71 72 73 74 76 80 81 82 89 97 103 108 109 111 117 120 122 123 125 126 
Interval 95: 0 1 2 3 4 5 6 7 8 9 11 12 13 14 15 16 17 18 19 23 24 25 26 27 28 29 31 32 33 34 35 37 38 39 46 47 48 49 50 51 52 55 56 57 58 62 65 66 68 69 70 74 75 77 79 92 93 94 97 99 100 102 103 104 106 110 112 113 114 117 125 
Interval 96: 0 1 2 3 4 5 6 7 8 9 10 11 12 13 14 15 16 17 18 19 20 21 23 24 25 26 27 29 30 31 33 34 35 36 37 38 40 41 43 46 47 48 49 50 51 53 54 55 58 61 63 66 68 69 70 72 73 75 76 77 80 83 86 92 94 95 96 98 100 101 103 106 109 110 117 122 127 
Interval 97: 0 1 2 3 4 5 6 7 8 9 10 11 12 13 14 15 16 17 18 19 20 21 22 23 24 25 27 28 30 31 32 33 34 35 36 37 38 39 40 42 44 45 47 48 49 51 54 55 57 60 61 62 63 64 66 67 68 69 70 72 73 74 76 88 91 94 96 99 108 110 114 115 121 123 125 126 127 
Interval 98: 0 1 2 3 4 5 6 7 8 9 10 11 12 13 14 15 16 17 18 19 20 21 22 23 24 25 26 27 28 29 30 31 32 33 34 35 36 37 38 39 41 42 45 47 49 51 52 53 55 56 57 58 59 61 63 64 67 69 70 71 73 75 76 78 79 82 85 90 95 98 102 105 106 110 111 112 113 116 118 122 123 126 127 
Interval 99: 0 1 2 3 4 5 6 7 8 9 10 11 12 13 14 15 16 17 18 19 20 21 22 23 24 25 27 28 29 31 32 33 35 36 37 38 40 41 42 44 45 46 48 49 50 51 54 57 58 59 62 64 65 66 67 70 71 73 74 75 76 81 82 85 90 91 93 97 99 101 103 108 109 118 119 125 
Interval 100: 0 1 2 3 4 5 6 7 8 9 10 11 12 13 14 15 16 17 18 19 20 21 22 23 24 25 27 28 30 32 33 35 36 37 40 41 42 44 46 47 48 49 50 51 54 55 60 61 65 66 67 70 72 73 74 75 80 81 82 84 89 92 94 95 97 98 101 102 103 109 110 121 122 
Interval 101: 0 1 2 3 4 5 6 7 8 9 10 11 12 13 14 15 16 17 18 19 20 21 22 23 24 27 28 29 30 31 32 33 34 35 36 37 38 39 41 42 43 45 46 47 48 49 54 55 57 59 61 62 64 65 66 67 69 71 73 75 76 77 83 84 86 91 92 93 96 97 99 109 111 118 122 125 
Interval 102: 0 1 2 3 4 5 6 7 8 9 10 11 12 13 14 15 16 17 18 19 20 21 23 24 25 26 27 28 29 30 31 32 33 34 35 36 37 38 40 43 46 47 48 49 51 52 53 55 56 58 59 60 61 62 65 66 69 71 72 74 75 76 77 80 92 95 97 99 102 105 106 111 113 116 119 120 122 124 125 
Interval 103: 0 1 2 3 4 5 6 7 8 9 10 11 12 13 14 15 16 17 18 19 20 21 22 23 24 25 26 27 28 29 30 31 32 33 35 36 38 39 40 41 42 45 46 47 48 50 51 53 54 55 56 58 59 60 61 62 63 64 65 67 70 72 73 77 78 81 83 84 90 96 101 103 107 111 112 118 121 122 124 
Interval 104: 0 1 2 3 4 5 6 7 8 9 10 11 12 13 15 16 17 18 19 20 21 22 23 24 25 26 27 30 32 33 34 35 36 37 38 40 41 42 43 45 46 47 48 49 50 52 53 54 55 61 65 66 68 69 70 71 74 76 80 81 82 84 85 86 90 94 95 96 98 100 104 107 109 111 123 
Interval 105: 0 1 2 3 4 5 6 7 8 9 10 11 12 13 14 15 16 17 18 19 20 22 23 24 25 26 27 28 30 31 32 33 34 35 36 37 38 39 40 44 46 49 50 52 53 54 56 57 61 62 63 65 66 67 68 70 71 73 74 75 76 77 79 81 93 98 100 106 108 114 122 125 127 
Interval 106: 0 1 2 3 4 5 6 7 8 9 10 11 12 13 14 15 16 17 18 19 20 21 22 23 24 25 26 27 28 29 30 31 32 33 34 35 36 37 38 41 42 44 45 46 49 51 52 55 56 57 58 60 62 63 64 66 69 71 72 74 75 76 82 83 89 92 99 103 105 111 112 114 117 120 124 125 
Interval 107: 0 1 2 3 4 5 6 7 8 9 10 11 12 13 14 15 16 17 18 19 20 21 22 23 25 26 27 28 29 30 31 32 33 34 35 36 37 38 39 40 41 42 43 44 45 46 47 51 53 55 57 58 61 62 65 67 69 70 71 72 74 76 78 80 83 89 91 93 95 103 110 114 115 116 122 123 124 
Interval 108: 0 1 2 3 4 5 6 7 8 9 10 11 12 13 14 15 16 17 18 19 20 21 22 23 24 25 26 27 28 29 30 31 32 33 34 35 36 38 39 40 41 42 45 46 47 48 52 55 56 58 59 60 63 64 65 66 68 69 70 71 73 76 77 79 83 84 90 93 94 97 105 112 117 119 120 
Interval 109: 0 1 2 3 4 5 6 7 8 9 10 11 12 13 14 15 16 17 18 19 20 22 23 24 25 26 27 28 29 30 32 33 34 35 36 38 39 41 44 46 48 49 50 52 54 56 57 59 60 61 64 65 66 68 69 71 72 77 83 88 93 96 98 101 104 105 109 113 115 118 119 121 122 
Interval 110: 0 1 2 3 4 5 6 7 8 9 10 11 12 13 14 15 16 17 18 19 20 21 22 23 24 26 27 28 30 31 33 34 35 36 37 38 39 40 42 43 44 46 47 49 53 54 56 57 60 61 63 66 67 69 70 71 72 73 74 75 76 77 78 80 84 86 88 89 92 94 106 109 113 114 115 120 121 122 
Interval 111: 0 1 2 3 4 5 6 7 8 9 10 11 12 13 14 15 16 17 18 19 20 21 22 23 24 25 26 27 29 31 32 33 34 35 37 38 39 40 41 42 43 44 46 47 49 50 51 54 55 58 63 65 66 67 68 69 70 71 75 77 79 80 81 83 84 86 88 89 92 94 99 100 103 108 109 111 116 126 127 
Interval 112: 0 1 2 3 4 5 6 7 8 9 10 11 12 13 14 15 16 17 19 20 21 22 23 24 25 26 27 28 29 30 31 32 33 34 35 38 39 43 44 45 47 48 50 51 52 53 54 56 57 58 59 60 62 63 64 66 67 69 71 77 87 89 91 95 101 105 106 109 113 115 116 117 118 120 121 125 126 
Interval 113: 0 1 2 3 4 5 6 7 8 9 10 11 12 13 14 15 16 17 18 19 20 22 23 24 25 27 28 29 30 31 32 33 34 35 36 37 38 39 40 41 44 45 47 48 51 55 57 58 60 62 63 64 65 66 68 71 72 73 74 75 76 78 81 83 89 91 96 102 110 114 121 125 126 127 
Interval 114: 0 1 2 3 4 5 6 7 8 9 10 11 12 13 14 15 16 17 18 19 21 22 23 24 25 26 27 28 30 31 33 34 35 36 37 39 43 44 45 46 49 50 51 52 53 55 57 61 62 63 66 67 68 69 70 71 72 74 86 88 89 92 98 100 102 106 107 111 115 122 124 
Interval 115: 0 1 2 3 4 5 6 7 8 9 10 11 12 13 14 15 17 18 19 20 21 22 23 24 25 26 28 29 30 31 34 35 36 38 39 40 41 44 45 46 47 48 49 50 51 52 53 56 57 59 61 62 63 69 70 71 73 76 78 80 88 89 91 92 94 96 99 100 102 104 107 112 114 119 122 123 127 
Interval 116: 0 1 2 3 4 5 6 7 8 9 10 11 12 13 14 15 16 17 18 19 21 22 23 24 25 26 27 28 29 30 32 33 34 35 36 38 42 43 44 46 47 49 50 51 52 54 55 57 58 60 61 64 65 67 69 70 72 73 77 84 87 88 89 94 99 101 102 103 105 108 109 111 114 116 120 123 
Interval 117: 0 1 2 3 4 5 6 7 8 9 10 11 12 13 14 15 16 17 18 19 20 21 22 23 25 26 27 28 29 30 31 32 33 34 35 37 38 39 41 42 43 44 46 50 52 53 54 56 59 60 61 62 64 67 71 74 75 76 77 78 82 84 86 88 89 92 93 100 104 108 113 118 120 123 124 
Interval 118: 0 1 2 3 4 5 6 7 8 9 10 12 13 14 15 16 17 18 19 20 21 24 25 26 27 28 29 30 31 32 33 34 35 36 37 38 41 42 43 48 49 50 51 52 53 54 57 58 60 61 62 64 65 66 67 68 70 73 76 85 97 101 102 105 106 115 116 121 122 125 
Interval 119: 0 1 2 3 4 5 6 7 8 9 10 11 12 13 14 15 16 17 18 19 20 22 24 25 26 27 28 29 30 31 32 33 34 35 36 37 38 39 40 44 48 50 51 52 54 55 56 57 58 59 60 61 62 64 66 67 69 71 72 73 74 75 76 77 79 88 97 100 101 103 105 109 110 113 114 115 117 118 120 122 125 
Interval 120: 0 1 2 3 4 5 6 7 8 9 10 11 12 13 14 15 16 17 18 19 20 21 23 24 25 26 27 28 29 30 31 33 34 35 36 37 40 42 46 47 48 50 53 55 57 58 59 60 61 62 66 67 68 70 71 73 74 75 80 85 92 93 97 100 101 106 107 110 115 116 117 119 121 122 123 125 
Interval 121: 0 1 2 3 4 5 6 7 8 9 10 11 12 13 14 15 16 17 18 19 20 21 22 23 24 25 26 27 28 29 30 32 33 34 36 37 38 39 40 41 42 43 44 45 46 47 48 51 52 54 56 57 59 60 61 64 65 66 67 68 72 74 75 77 78 82 83 85 88 90 91 93 95 97 102 105 109 113 115 120 121 123 
Interval 122: 0 1 2 3 4 5 6 7 8 9 10 11 12 13 14 15 16 17 18 19 21 22 24 25 26 27 28 29 30 31 32 33 34 36 37 38 39 42 43 44 45 49 50 52 53 54 56 57 59 61 62 64 65 67 68 72 73 75 76 77 78 85 86 89 91 98 101 104 107 109 112 113 115 118 123 125 
Interval 123: 0 1 2 3 4 5 6 7 8 9 10 11 12 13 14 15 16 17 18 19 20 21 22 23 24 25 26 27 28 29 31 33 34 35 37 38 39 40 42 44 47 48 50 51 52 53 54 56 57 58 59 63 66 67 68 69 70 71 74 75 76 79 80 84 88 89 94 97 101 104 106 108 109 113 114 117 127 
Interval 124: 0 1 2 3 4 5 6 7 8 9 10 11 12 13 14 16 17 18 19 20 21 23 24 25 26 27 28 29 32 33 34 35 36 37 38 39 40 43 46 48 49 51 52 53 54 56 57 59 65 66 67 68 69 70 71 73 74 75 76 77 78 81 86 92 93 96 97 102 103 104 106 108 113 114 118 
Interval 125: 0 1 2 3 4 5 6 7 8 9 10 11 12 13 14 15 16 17 18 19 20 21 22 23 24 25 26 27 28 31 32 33 34 35 36 37 38 40 41 42 44 46 47 48 50 51 52 54 55 57 62 63 65 66 68 70 71 72 73 75 76 81 82 84 85 88 97 100 101 102 104 109 115 125 126 
Interval 126: 0 1 2 3 4 5 6 7 8 9 10 11 12 13 14 15 16 17 18 19 20 21 22 24 25 27 28 29 30 31 32 33 34 36 37 39 41 43 48 49 50 54 55 56 57 59 60 62 63 64 65 67 68 74 78 79 86 87 96 98 100 101 109 111 113 114 125 126 127 
Interval 127: 0 1 2 3 4 5 6 7 8 9 10 11 12 13 14 15 16 17 18 20 21 22 23 24 25 26 27 28 31 32 33 34 35 36 37 41 42 43 45 47 48 49 50 51 53 55 57 62 63 64 65 67 68 69 70 71 73 75 82 85 87 90 91 95 97 98 100 102 106 110 124 125 127 
Interval 128: 0 1 2 3 4 5 6 7 8 9 10 11 12 13 14 15 16 17 18 19 20 21 22 23 24 25 27 28 29 31 32 33 34 35 36 37 38 40 41 43 44 46 47 49 50 51 55 57 58 62 64 65 66 68 69 70 72 75 76 77 81 86 87 88 92 94 99 101 103 110 114 115 116 
Interval 129: 0 1 2 3 4 5 6 7 8 9 10 11 12 13 14 15 16 17 18 19 20 21 22 23 24 25 26 27 29 30 32 33 34 35 36 37 39 40 42 43 44 45 47 49 50 51 52 55 58 59 60 65 67 68 70 71 72 73 74 80 81 84 86 88 90 91 94 99 100 103 104 110 111 118 121 
Interval 130: 0 1 2 3 4 5 6 7 8 9 10 11 12 13 14 15 16 17 18 19 21 22 23 24 26 27 29 31 32 33 34 35 36 37 38 42 44 46 48 49 52 53 54 55 58 59 62 63 64 66 67 68 70 73 74 76 85 89 96 97 105 116 117 118 125 127 
Interval 131: 0 1 2 3 4 5 6 7 8 9 10 11 12 13 14 15 16 17 18 19 20 21 22 23 24 25 26 27 28 29 30 31 32 33 34 35 36 37 39 40 41 43 45 46 47 48 50 52 54 56 57 58 59 60 61 63 65 66 69 71 73 75 87 90 91 93 94 95 96 101 108 113 117 118 121 122 126 
Interval 132: 0 1 2 3 4 5 6 7 8 9 10 11 12 13 14 15 16 17 18 19 21 22 23 25 27 28 29 30 31 32 33 34 35 36 37 38 39 42 44 47 51 54 56 57 58 59 60 62 65 66 68 69 70 71 72 73 75 77 78 79 84 85 88 95 108 112 114 119 121 125 
Interval 133: 0 1 2 3 4 5 6 7 8 9 10 11 12 13 14 15 16 17 18 19 20 21 23 24 25 26 27 28 29 30 31 32 33 34 35 36 37 38 39 40 43 46 48 50 53 55 56 57 58 59 61 62 63 64 66 67 68 71 73 75 76 78 81 86 92 97 100 106 110 111 112 114 117 119 122 124 125 126 
Interval 134: 0 1 2 3 4 5 6 7 8 9 10 11 12 13 14 15 16 17 18 19 21 22 23 24 25 26 27 28 29 30 31 32 33 34 35 36 37 38 39 42 43 44 45 46 47 48 50 52 55 56 57 58 60 61 62 63 65 66 67 68 70 71 72 75 77 78 86 88 91 95 100 101 104 105 110 113 115 116 122 125 126 127 
Interval 135: 0 1 2 3 4 5 6 7 8 9 10 11 12 13 14 15 16 17 18 19 20 21 22 23 24 25 26 28 29 30 31 32 33 34 35 36 37 39 41 42 45 46 47 48 49 50 52 53 56 57 58 60 61 62 65 67 68 70 71 72 73 74 75 78 79 83 84 91 92 94 96 99 101 107 112 115 117 121 123 125 127 
Interval 136: 0 1 2 3 4 5 6 7 8 9 10 11 12 13 14 15 16 17 18 19 21 22 23 25 27 28 29 30 31 32 34 35 36 37 38 42 43 44 45 46 47 50 51 54 55 56 57 58 61 62 64 65 68 69 70 71 72 73 74 75 84 86 88 89 93 100 103 109 110 113 114 117 124 127 
Interval 137: 0 1 2 3 4 5 6 7 8 9 10 11 12 13 14 15 16 17 18 19 20 21 22 23 24 25 26 28 29 30 31 33 34 35 36 37 38 39 40 42 44 45 46 47 48 51 52 53 56 58 59 61 62 63 66 67 68 71 73 75 77 79 80 81 84 88 93 95 96 97 102 103 105 106 112 113 117 118 122 123 124 126 127 
Interval 138: 0 1 2 3 4 5 6 7 8 9 10 11 12 13 14 15 16 17 18 19 20 21 22 23 24 25 26 27 28 29 30 31 32 33 35 36 37 38 40 41 42 45 47 48 49 50 51 52 55 56 57 58 59 60 61 63 64 66 67 70 73 74 77 80 82 83 84 90 94 95 96 99 102 105 110 113 117 119 121 126 
Interval 139: 0 1 2 3 4 5 6 7 8 9 10 11 12 13 14 15 16 17 18 19 20 21 22 23 24 25 26 27 29 31 32 33 34 35 36 37 38 40 41 42 43 44 46 47 48 51 53 55 59 62 64 65 66 67 68 69 70 72 74 76 81 87 89 92 94 95 102 107 110 118 119 124 126 
Interval 140: 0 1 2 3 4 5 6 7 8 9 10 11 12 13 14 15 16 18 19 20 21 22 23 24 26 27 28 29 30 31 32 33 36 37 38 41 42 43 44 45 47 48 52 53 54 55 57 58 60 61 62 63 64 65 67 72 74 77 82 84 86 87 89 91 95 96 107 108 110 111 114 118 121 123 124 126 
Interval 141: 0 1 2 3 4 5 6 7 8 9 10 11 12 13 14 15 16 17 18 19 20 21 22 24 26 28 29 30 31 32 34 35 36 37 39 40 41 42 44 48 49 52 56 57 58 59 60 61 62 63 65 68 69 70 72 74 75 78 79 81 83 88 96 98 104 105 113 114 115 117 118 120 122 124 125 126 
Interval 142: 0 1 2 3 4 5 6 7 8 9 10 11 12 13 14 15 16 17 18 19 20 23 24 25 27 28 29 30 31 32 33 34 36 37 38 40 41 46 47 49 51 54 55 56 57 59 60 63 64 65 66 67 68 72 74 75 76 77 80 81 82 83 93 95 98 99 103 108 112 114 118 119 125 
Interval 143: 0 1 2 3 4 5 6 7 8 9 10 11 12 13 14 15 16 17 18 19 20 21 23 24 26 27 28 29 30 31 32 33 34 35 36 37 38 40 41 42 47 49 52 53 55 56 58 59 61 62 63 64 65 66 68 70 71 72 74 75 76 82 83 84 85 94 99 104 105 110 112 119 122 123 125 
Interval 144: 0 1 2 3 4 5 6 7 8 9 10 11 12 13 14 15 16 17 18 19 20 21 22 23 24 25 26 27 28 29 31 32 33 34 35 37 38 39 40 41 42 43 45 47 49 50 51 53 54 57 59 62 63 64 65 67 69 70 71 74 75 76 78 81 82 84 85 86 90 95 98 99 100 103 106 115 118 119 124 125 
Interval 145: 0 1 2 3 4 5 6 7 8 9 10 11 12 13 14 15 16 17 18 19 20 21 22 23 24 25 26 27 28 30 31 32 33 34 36 37 38 39 41 42 43 44 45 46 47 49 50 52 53 54 55 56 57 60 61 62 63 65 66 68 73 74 75 78 83 87 89 90 93 94 98 104 107 111 112 114 121 123 124 
Interval 146: 0 1 2 3 4 5 6 7 8 9 10 11 12 13 14 15 16 17 18 19 20 21 22 23 24 26 27 28 30 31 32 33 34 35 36 37 38 40 41 42 44 45 47 49 52 53 55 56 60 62 63 65 66 67 68 71 72 73 75 76 77 83 84 88 90 94 95 98 105 107 111 113 124 
Interval 147: 0 1 2 3 4 5 6 7 8 9 10 11 12 13 14 15 16 17 18 19 20 22 23 24 25 26 28 29 30 31 32 33 34 35 36 37 38 41 44 45 46 47 49 50 51 52 53 56 58 59 60 61 62 66 67 68 69 71 72 77 82 83 88 90 93 95 98 99 101 102 107 113 116 121 123 124 
Interval 148: 0 1 2 3 4 5 6 7 8 9 10 11 12 13 14 15 16 17 18 19 20 21 23 24 26 27 28 29 30 31 32 33 34 35 36 37 38 39 41 42 43 46 48 53 55 56 57 58 59 61 63 65 67 68 69 70 71 72 75 76 77 79 82 83 85 86 87 93 97 107 111 112 117 122 123 
Interval 149: 0 1 2 3 4 5 6 7 8 9 10 11 12 13 14 15 16 17 18 19 21 22 23 24 25 26 27 28 29 30 31 33 34 35 36 37 38 39 42 43 45 46 48 49 51 52 53 54 57 58 60 61 63 67 68 69 70 71 72 75 76 79 85 87 90 91 93 96 99 106 107 109 115 117 120 122 123 
Interval 150: 0 1 2 3 4 5 6 7 8 9 10 11 12 13 14 15 16 17 18 19 20 22 23 24 25 26 27 29 30 31 32 33 34 35 36 37 38 40 44 46 48 49 51 52 53 54 55 59 60 61 62 63 65 66 67 69 70 71 73 74 75 76 80 81 92 93 96 97 98 102 104 109 110 118 121 122 123 
Interval 151: 0 1 2 3 4 5 6 7 8 9 10 11 12 13 14 15 16 17 18 19 20 21 22 23 24 25 26 27 28 29 30 31 33 34 35 36 38 41 42 43 46 47 48 50 51 52 53 54 56 58 59 63 66 68 70 73 76 83 85 87 92 96 97 101 102 103 104 106 107 108 112 113 117 118 122 123 
Interval 152: 0 1 2 3 4 5 6 7 8 9 10 11 12 13 14 15 16 17 18 19 20 21 22 23 24 25 26 27 28 29 30 31 33 35 37 38 39 41 43 45 46 47 48 50 52 53 54 55 57 58 59 60 62 67 71 74 77 78 82 83 87 90 93 94 96 100 105 107 108 109 111 114 116 119 120 122 
Interval 153: 0 1 2 3 4 5 6 7 8 9 11 12 13 14 15 16 17 18 19 22 23 24 25 26 27 28 29 30 31 32 33 34 35 36 37 38 39 45 46 48 49 51 52 54 55 56 58 59 60 61 62 63 64 65 66 68 69 70 72 73 75 77 79 93 97 98 102 105 108 111 112 113 117 118 122 
Interval 154: 0 1 2 3 4 5 6 7 8 9 10 11 12 13 14 15 16 17 18 19 20 21 22 24 25 26 27 28 29 30 31 32 33 34 35 36 37 38 39 41 42 43 45 48 50 53 55 57 58 59 61 63 64 67 68 69 72 73 74 75 77 78 82 84 85 87 90 96 101 107 110 111 115 117 118 121 122 
Interval 155: 0 1 2 3 4 5 6 7 8 9 10 11 12 13 14 15 16 17 18 19 21 22 23 25 26 27 28 29 30 31 32 33 34 36 37 38 39 42 43 45 46 47 50 51 52 53 54 55 57 59 60 62 63 64 65 66 67 69 72 73 74 76 77 78 85 87 90 92 94 95 100 102 105 107 109 111 114 119 121 
Interval 156: 0 1 2 3 4 5 6 7 8 9 10 11 12 13 14 15 16 17 18 19 20 21 22 23 24 25 26 27 28 29 30 31 33 35 36 37 38 41 42 43 44 45 46 48 49 50 51 52 53 54 57 58 59 60 62 66 70 73 75 76 83 85 89 90 96 97 98 99 100 103 104 109 115 116 120 121 
Interval 157: 0 1 2 3 4 5 6 7 8 9 10 11 12 13 14 15 16 17 18 19 20 21 22 23 24 25 26 27 28 29 31 32 33 34 35 36 37 38 40 42 43 44 46 48 51 52 53 55 56 57 58 59 62 64 65 66 68 69 71 72 73 75 77 80 85 93 97 102 103 105 111 112 114 116 119 120 121 
Interval 158: 0 1 2 3 4 5 6 7 8 9 10 11 12 13 14 15 16 17 18 19 21 22 23 24 25 26 27 28 29 30 31 32 33 34 35 36 37 38 42 44 47 48 51 52 53 54 56 57 58 59 60 61 62 64 66 67 69 70 72 73 74 75 76 77 85 89 97 103 104 107 108 112 113 114 117 118 120 
Interval 159: 0 1 2 3 4 5 6 7 8 9 10 11 12 13 14 15 16 17 18 19 20 21 22 23 24 26 27 28 29 30 31 32 33 34 35 36 37 38 39 40 41 42 43 44 46 47 48 49 52 53 54 56 58 61 63 65 66 68 69 70 71 72 73 75 76 78 81 83 85 86 88 92 95 96 99 104 105 106 108 109 113 116 117 120 
Interval 160: 0 1 2 3 4 5 6 7 8 9 10 11 12 13 14 15 16 17 18 19 20 22 23 24 25 26 27 29 30 31 32 33 35 36 37 38 40 41 45 46 48 50 52 53 54 58 59 60 61 65 66 67 70 71 72 73 75 77 80 83 90 91 92 93 97 101 105 106 108 116 117 118 120 
Interval 161: 0 1 2 3 4 5 6 7 8 9 10 11 12 13 14 15 16 17 18 20 21 23 24 25 26 27 28 29 30 32 33 34 35 36 37 40 41 43 47 49 50 51 52 53 54 55 56 58 59 60 64 66 67 69 70 71 72 73 74 80 81 83 87 94 98 99 100 103 104 105 106 112 117 119 120 
Interval 162: 0 1 2 3 4 5 6 7 8 9 10 11 12 13 14 15 16 17 18 19 21 22 23 24 25 27 28 29 30 31 32 33 34 35 36 38 39 42 43 44 45 47 49 50 51 55 57 58 59 60 61 62 64 65 67 68 69 70 71 72 76 78 84 85 86 88 90 94 98 100 103 110 111 114 116 117 119 
Interval 163: 0 1 2 3 4 5 6 7 8 9 10 11 12 13 14 15 16 17 18 19 20 22 23 24 25 26 27 28 29 30 32 33 34 35 37 39 40 41 45 47 49 50 53 54 55 56 58 59 60 64 65 66 67 69 70 71 74 75 78 80 82 91 99 100 107 108 111 113 116 117 118 119 
Interval 164: 0 1 2 3 4 5 6 7 8 9 10 11 12 13 14 15 17 18 19 20 22 23 24 25 26 27 28 29 30 31 34 35 36 37 38 39 40 41 44 45 46 47 48 49 50 52 54 55 56 57 58 60 62 63 69 70 73 74 77 78 80 83 90 92 94 95 97 98 100 108 113 117 118 119 
Interval 165: 0 1 2 3 4 5 6 7 8 9 10 11 12 13 14 15 16 17 18 19 20 21 22 23 24 25 26 27 28 29 30 31 32 33 34 35 36 37 38 39 41 43 44 46 48 49 50 51 52 54 55 57 58 61 65 66 67 68 69 71 72 73 74 75 77 79 87 93 96 97 99 101 102 105 108 110 114 116 118 
Interval 166: 0 1 2 3 4 5 6 7 8 9 10 11 12 13 14 15 16 17 18 19 21 22 23 24 25 26 28 30 31 32 33 34 35 36 38 42 43 44 45 46 49 50 51 52 53 56 57 60 61 62 63 64 65 66 67 68 69 70 73 76 77 84 85 87 88 90 93 100 103 105 106 115 118 
Interval 167: 0 1 2 3 4 5 6 7 8 9 10 11 12 13 14 15 16 17 18 19 20 21 22 23 24 25 27 29 30 31 32 33 34 35 36 38 39 40 41 42 43 44 46 47 49 50 54 55 59 61 62 64 65 68 69 72 77 78 79 81 82 83 86 89 92 94 99 100 108 110 111 117 118 
Interval 168: 0 1 2 3 4 5 6 7 8 9 10 12 13 14 15 16 17 18 19 20 21 24 25 26 27 29 30 31 32 33 34 35 36 37 38 39 40 41 42 48 49 50 51 52 53 54 55 58 62 63 64 65 67 69 71 72 74 75 76 78 80 82 85 96 98 103 104 106 109 110 111 117 
Interval 169: 0 1 2 3 4 5 6 7 8 9 10 11 12 13 14 15 16 17 18 19 20 21 22 23 24 25 26 27 28 29 30 31 32 33 34 35 37 38 39 40 41 43 44 47 48 49 50 51 54 55 56 58 59 60 61 62 63 64 66 69 70 71 74 77 79 81 83 89 95 99 100 103 108 109 110 112 116 117 
Interval 170: 0 1 2 3 4 5 6 7 8 9 10 11 12 13 14 15 16 17 18 19 20 21 22 23 24 25 26 27 28 29 31 32 33 34 35 36 38 39 41 43 45 46 49 50 51 53 54 58 62 64 65 66 67 68 70 71 72 73 76 77 79 82 86 91 93 98 100 102 103 107 108 117 
Interval 171: 0 1 2 3 4 5 6 7 8 9 10 11 12 13 14 15 16 17 18 19 20 23 24 25 26 27 28 29 30 31 32 33 34 35 36 37 38 39 41 46 48 49 51 54 57 58 61 62 63 64 67 68 69 70 73 74 75 76 79 92 93 96 99 102 114 115 116 117 
Interval 172: 0 1 2 3 4 5 6 7 8 9 10 11 12 13 14 15 16 17 18 19 20 21 22 23 24 25 26 27 28 30 31 32 33 34 35 36 37 38 39 41 43 45 47 48 50 52 54 55 57 60 62 63 64 66 68 69 71 73 74 76 79 82 87 90 95 96 100 104 105 109 110 111 115 116 
Interval 173: 0 1 2 3 4 5 6 7 8 9 10 11 12 13 14 15 16 17 18 19 20 23 24 25 26 27 28 29 30 31 32 33 34 35 37 38 39 40 41 46 47 48 51 52 54 55 56 59 60 61 63 64 65 66 67 69 75 77 78 80 83 93 94 96 102 103 105 110 112 113 116 
Interval 174: 0 1 2 3 4 5 6 7 8 9 10 11 12 13 14 15 16 17 18 19 21 22 23 24 26 27 28 29 30 31 32 35 36 37 38 39 43 44 46 47 48 53 54 55 56 58 60 61 62 63 64 65 70 72 74 77 79 87 88 92 94 106 107 108 110 111 112 115 116 
Interval 175: 0 1 2 3 4 5 6 7 8 9 10 11 12 13 14 15 16 17 18 19 20 21 22 23 24 25 26 27 28 29 30 31 32 33 34 35 36 37 38 39 40 43 44 45 46 47 48 51 52 53 55 56 59 60 61 62 63 65 66 67 68 70 73 75 77 80 81 86 88 90 92 94 102 105 107 110 112 115 
Interval 176: 0 1 2 3 4 5 6 7 8 9 10 11 12 13 14 15 16 17 18 19 20 21 22 23 24 25 27 28 29 30 31 32 33 34 35 36 37 38 39 40 43 44 45 47 49 50 51 55 56 59 61 63 64 68 69 70 71 72 74 76 77 78 79 81 86 90 94 99 100 102 110 112 115 
Interval 177: 0 1 2 3 4 5 6 7 8 9 10 11 12 13 14 15 16 17 18 19 20 21 22 23 24 25 26 27 28 29 30 31 32 33 34 35 37 38 39 42 43 44 46 47 48 51 52 53 54 55 56 57 58 59 61 63 65 66 67 68 71 74 75 77 78 84 86 87 88 92 94 96 97 103 105 107 109 110 112 114 115 
Interval 178: 0 1 2 3 4 5 6 7 8 9 10 11 12 13 14 15 16 17 18 19 20 21 22 23 24 25 26 27 28 29 31 33 34 35 36 37 38 39 40 41 42 43 44 45 47 48 50 54 55 57 59 62 66 67 68 70 72 73 74 75 76 77 78 82 84 86 91 94 97 101 108 110 114 
Interval 179: 0 1 2 3 4 5 6 7 8 9 10 11 12 13 14 15 16 17 18 19 20 21 22 23 24 25 26 28 30 31 32 33 34 37 38 39 40 42 43 45 46 48 50 51 52 53 56 57 60 61 62 63 64 65 66 67 68 69 74 75 76 78 80 91 93 96 101 105 107 113 114 
Interval 180: 0 1 2 3 4 5 6 7 8 9 10 11 12 13 14 15 16 17 18 20 21 23 24 25 26 27 28 29 30 31 32 34 35 36 37 40 41 42 43 46 49 50 51 52 54 56 57 59 60 61 63 64 65 69 70 72 75 81 82 84 92 93 99 100 101 103 108 113 114 
Interval 181: 0 1 2 3 4 5 6 7 8 9 10 11 12 13 14 15 16 17 18 19 20 21 23 24 25 27 28 29 30 31 32 33 34 36 37 40 42 43 46 48 49 50 51 55 56 57 58 59 60 63 64 66 67 68 69 72 73 75 80 81 84 86 92 93 97 98 101 111 112 113 
Interval 182: 0 1 2 3 4 5 6 7 8 9 10 11 12 13 14 15 16 17 18 19 20 21 22 23 24 25 26 28 29 30 31 32 33 34 35 36 37 39 41 42 43 45 46 48 49 50 51 52 53 56 57 58 59 60 61 62 63 64 66 68 69 73 74 78 82 84 85 91 92 93 97 98 100 101 105 106 113 
Interval 183: 0 1 2 3 4 5 6 7 8 9 10 11 12 13 14 15 16 17 18 19 20 21 22 23 24 25 26 27 29 31 32 33 34 35 36 37 38 39 41 43 44 46 47 49 51 52 53 54 55 59 62 63 64 65 66 68 69 72 73 74 75 76 78 82 83 87 88 92 94 98 103 104 105 106 107 109 113 
Interval 184: 0 1 2 3 4 5 6 7 8 9 10 11 12 13 14 15 16 17 18 19 20 22 23 24 25 26 27 28 29 30 31 32 33 34 35 36 37 38 40 41 44 45 46 47 49 50 52 53 55 56 58 59 60 61 63 64 65 67 68 69 71 73 74 75 77 80 81 82 90 94 95 98 99 101 104 105 107 111 112 113 
Interval 185: 0 1 2 3 4 5 6 7 8 9 10 11 12 13 14 15 16 17 18 19 21 22 23 24 25 26 28 29 30 31 32 33 34 35 36 37 38 39 42 44 46 48 49 50 51 52 53 56 59 61 62 63 65 66 68 69 71 73 74 75 76 77 78 79 84 88 93 96 98 101 102 103 105 106 107 112 
Interval 186: 0 1 2 3 4 5 6 7 8 9 10 11 12 13 14 15 16 17 18 19 20 21 22 23 24 25 26 27 28 30 32 33 34 35 36 37 38 39 41 42 44 45 46 47 48 49 50 51 53 54 55 57 61 64 67 68 69 70 71 72 73 75 77 79 84 89 90 93 96 101 103 106 108 111 112 
Interval 187: 0 1 2 3 4 5 6 7 8 9 10 11 12 13 14 15 16 17 18 20 21 22 23 24 25 26 27 28 29 30 31 32 33 35 36 37 40 41 42 44 46 47 48 49 50 52 53 55 56 57 59 60 61 62 64 66 67 71 73 74 81 83 84 85 88 89 93 94 95 96 98 101 105 110 111 112 
Interval 188: 0 1 2 3 4 5 6 7 8 9 10 11 12 13 14 15 16 17 18 19 20 21 22 23 24 25 26 27 28 30 31 32 33 34 35 36 38 39 40 42 43 45 46 47 48 49 50 53 55 57 60 61 63 64 66 67 68 69 70 72 77 78 81 85 86 90 92 94 99 101 107 111 
Interval 189: 0 1 2 3 4 5 6 7 8 9 10 11 12 13 14 15 16 17 18 19 21 23 24 25 26 27 28 29 30 33 34 35 36 37 38 39 43 46 48 49 50 51 52 53 55 56 58 59 60 66 68 69 71 72 73 74 75 76 79 87 92 96 100 101 104 107 110 111 
Interval 190: 0 1 2 3 4 5 6 7 8 9 10 11 12 13 14 15 16 17 18 19 20 21 22 23 25 27 29 30 31 33 35 37 38 39 41 42 44 45 46 50 54 55 58 59 60 61 62 63 66 71 75 76 79 82 83 85 88 89 90 101 110 111 
Interval 191: 0 1 2 3 4 5 6 7 8 9 10 11 12 13 14 15 16 17 18 19 20 21 22 24 25 26 27 28 29 30 31 32 34 37 38 40 41 42 43 44 45 48 49 51 52 53 54 55 56 57 59 64 65 68 74 76 80 82 86 89 90 91 96 99 105 107 108 110 
Interval 192: 0 1 2 3 4 5 6 7 8 9 10 11 12 13 14 15 16 17 18 19 20 21 22 23 24 25 26 27 28 29 30 31 32 33 34 35 36 37 38 41 42 44 45 47 49 51 52 53 54 55 56 58 59 60 63 64 66 67 69 70 71 72 73 75 76 77 83 84 89 90 95 103 104 106 107 109 110 
Interval 193: 0 1 2 3 4 5 6 7 8 9 10 11 12 13 14 15 16 17 18 19 20 21 22 23 24 25 26 27 28 29 30 32 33 34 35 36 37 38 39 40 42 43 44 46 47 48 51 52 54 55 57 58 59 60 61 64 66 68 69 70 73 74 75 76 78 81 85 86 93 94 96 103 105 110 
Interval 194: 0 1 2 3 4 5 6 7 8 9 10 11 12 13 14 15 16 17 18 19 20 21 22 23 24 25 26 28 29 30 31 32 33 34 35 37 38 40 41 43 44 47 49 50 51 53 56 58 59 60 61 62 65 66 67 68 69 70 74 75 76 80 81 82 86 87 94 99 100 102 106 109 110 
Interval 195: 0 1 2 3 4 5 6 7 8 9 10 11 12 13 14 15 16 17 18 19 20 23 24 25 27 28 29 30 31 32 33 34 35 36 37 38 39 40 41 46 48 49 50 51 54 55 56 57 58 59 60 61 63 66 69 70 71 73 74 76 80 81 92 93 98 101 102 109 
Interval 196: 0 1 2 3 4 5 6 7 8 9 10 11 12 13 14 15 16 17 18 19 20 21 22 23 25 26 27 28 29 30 32 33 34 36 38 39 40 41 42 43 44 45 46 47 50 51 52 53 55 57 59 61 64 65 67 68 76 77 78 80 83 85 86 87 91 94 102 103 105 106 109 
Interval 197: 0 1 2 3 4 5 6 7 8 9 10 11 12 13 14 15 16 17 18 19 20 21 22 23 24 25 26 27 28 29 30 31 32 33 34 35 36 37 38 40 42 43 44 46 48 49 50 52 53 54 57 58 60 61 62 63 64 65 67 68 71 72 73 76 77 84 86 89 92 93 96 99 101 104 105 107 108 109 
Interval 198: 0 1 2 3 4 5 6 7 8 9 10 11 12 13 14 15 16 17 18 19 20 21 22 23 24 25 26 27 28 29 30 31 32 33 34 35 36 38 39 41 42 43 44 45 47 48 49 50 52 53 54 55 56 58 59 61 62 63 65 67 68 71 73 76 77 79 82 84 86 89 90 96 99 100 104 106 108 
Interval 199: 0 1 2 3 4 5 6 7 8 9 10 11 12 13 14 15 16 17 18 19 20 21 22 23 24 26 27 28 29 30 31 32 34 35 36 38 40 42 43 44 46 47 48 52 53 54 56 57 58 59 60 62 63 65 68 69 71 72 73 77 80 84 89 92 94 96 97 105 106 108 
Interval 200: 0 1 2 3 4 5 6 7 8 9 10 11 12 13 14 15 16 17 18 19 20 21 22 25 26 27 28 29 30 31 32 33 34 35 36 37 38 40 41 42 45 50 52 54 56 57 58 59 61 62 63 65 67 68 69 70 72 74 76 80 83 84 90 105 107 108 
Interval 201: 0 1 2 3 4 5 6 7 8 9 10 11 12 13 14 15 16 17 18 19 20 21 22 23 24 25 26 27 28 29 30 31 32 35 36 38 39 40 41 42 43 44 47 49 50 52 53 54 56 57 58 60 61 62 64 70 72 73 77 78 79 81 83 84 86 94 95 99 101 104 107 
Interval 202: 0 1 2 3 4 5 6 7 8 9 10 11 12 13 14 15 16 17 18 19 20 21 22 23 24 25 26 27 28 29 30 31 32 34 35 36 39 40 42 43 44 47 48 49 50 52 53 55 56 57 58 59 60 61 63 64 65 68 70 73 79 84 86 87 88 89 95 98 99 100 101 104 106 107 
Interval 203: 0 1 2 3 4 5 6 7 8 9 10 11 12 13 14 15 16 17 18 19 20 21 22 24 25 26 27 28 29 30 31 32 33 34 36 37 38 39 40 41 42 43 44 49 51 53 54 55 56 57 58 60 61 62 63 64 65 66 68 69 70 72 74 75 78 79 80 83 84 86 98 103 106 107 
Interval 204: 0 1 2 3 4 5 6 7 8 9 10 11 12 13 14 15 16 17 18 19 20 21 22 23 24 25 26 27 28 29 30 31 32 33 34 35 37 38 39 40 43 45 46 48 51 52 53 54 55 57 59 60 62 65 69 70 71 75 77 78 79 81 86 92 93 97 102 105 106 107 
Interval 205: 0 1 2 3 4 5 6 7 8 9 10 11 12 13 14 15 16 17 18 19 20 21 22 23 24 25 26 27 28 29 30 31 32 33 34 35 36 37 39 40 41 43 44 45 46 47 48 49 50 51 53 54 56 57 58 60 62 65 66 67 70 72 75 78 80 87 88 91 95 96 97 99 100 102 106 
Interval 206: 0 1 2 3 4 5 6 7 8 9 10 11 12 13 14 15 16 17 18 19 20 21 22 23 24 25 26 27 28 31 32 33 34 35 36 37 38 39 40 42 44 47 48 49 51 52 53 55 56 57 62 63 64 65 66 67 69 71 72 74 75 79 81 85 89 95 96 97 99 102 105 106 
Interval 207: 0 1 2 3 4 5 6 7 8 9 10 11 12 13 14 15 16 17 18 19 21 22 23 24 25 26 27 28 29 30 32 33 34 36 37 38 39 42 43 44 45 47 48 50 51 52 53 55 56 58 59 60 65 67 68 69 72 76 78 87 88 90 91 95 102 103 105 106 
Interval 208: 0 1 2 3 4 5 6 7 8 9 10 11 12 13 14 15 16 17 18 19 20 21 22 23 24 25 26 28 29 30 31 32 35 36 37 38 39 40 41 42 43 44 45 46 48 49 51 52 53 56 60 61 62 64 70 73 74 75 76 77 78 80 81 83 87 89 90 93 97 98 102 103 104 105 
Interval 209: 0 1 2 3 4 5 6 7 8 9 10 11 12 13 14 15 16 17 18 19 20 21 22 23 24 25 26 27 29 30 31 32 34 36 37 38 40 41 43 44 46 47 48 50 51 53 55 58 60 61 63 64 68 72 73 74 75 76 80 82 86 87 89 92 95 96 100 101 103 105 
Interval 210: 0 1 2 3 4 5 6 7 8 9 10 11 12 13 14 15 16 17 18 19 20 21 22 23 24 25 26 27 28 29 30 32 34 35 36 37 38 39 40 41 43 45 46 47 49 50 51 53 54 56 58 59 60 61 64 65 68 70 71 75 76 77 78 81 83 87 90 92 94 98 100 102 103 104 105 
Interval 211: 0 1 2 3 4 5 6 7 8 9 10 11 12 13 14 15 16 17 18 19 20 21 23 25 26 27 28 29 30 31 32 33 35 36 37 39 41 42 43 46 47 50 51 52 54 55 56 57 58 60 61 63 65 66 70 71 73 75 78 84 87 93 94 100 101 104 
Interval 212: 0 1 2 3 4 5 6 7 8 9 10 11 12 13 14 15 16 17 18 19 20 21 22 23 24 25 26 27 28 29 30 31 32 34 36 37 38 40 41 43 44 45 47 48 49 50 51 53 55 56 58 59 60 61 62 63 64 69 73 75 76 80 82 87 88 90 94 100 102 104 
Interval 213: 0 1 2 3 4 5 6 7 8 9 10 11 12 13 14 15 16 17 18 19 20 21 22 23 24 25 26 27 29 30 32 34 35 36 37 38 40 41 42 44 45 46 48 49 50 51 52 53 55 59 60 61 64 65 69 71 72 73 75 76 81 82 85 89 91 93 97 99 102 103 104 
Interval 214: 0 1 2 3 4 5 6 7 8 9 10 12 13 14 15 16 17 18 19 20 21 24 25 26 27 28 29 30 31 32 33 34 35 36 37 39 40 41 43 48 49 51 52 53 54 55 56 58 59 61 63 64 65 66 67 69 70 71 72 74 75 78 80 81 82 87 96 98 103 
Interval 215: 0 1 2 3 4 5 6 7 8 9 10 11 12 13 14 15 16 17 18 19 20 22 23 24 25 26 27 28 29 30 31 32 33 34 36 37 38 39 40 41 44 46 47 48 49 50 51 52 54 55 56 57 58 59 61 63 65 66 67 68 69 73 74 75 76 78 80 83 94 96 98 103 
Interval 216: 0 1 2 3 4 5 6 7 8 9 10 11 12 13 14 15 16 17 18 19 21 22 23 24 25 26 27 28 29 30 31 32 33 34 37 38 39 42 43 44 46 47 48 49 51 52 54 55 56 57 58 59 60 61 62 64 65 66 69 75 76 77 86 88 92 94 97 98 103 
Interval 217: 0 1 2 3 4 5 6 7 8 9 10 11 12 13 14 15 16 17 18 19 20 21 22 23 24 25 26 27 28 29 31 32 33 34 35 36 37 38 39 41 44 45 46 48 50 51 52 53 54 55 56 59 62 65 66 67 68 69 70 71 73 74 75 76 79 88 89 90 92 93 96 102 103 
Interval 218: 0 1 2 3 4 5 6 7 8 9 10 11 12 13 14 15 16 17 18 19 20 21 22 23 24 25 26 27 28 29 30 31 32 33 34 35 36 37 40 41 43 45 46 47 49 50 51 52 53 55 57 58 60 63 64 66 67 68 69 70 72 73 74 83 86 93 94 99 100 102 
Interval 219: 0 1 2 3 4 5 6 7 8 9 10 11 12 13 14 15 16 17 18 19 20 21 22 23 24 25 26 27 28 29 30 31 32 33 34 35 36 38 39 41 42 43 44 45 46 48 50 52 53 54 55 56 58 59 60 61 62 63 64 65 66 67 68 72 77 78 82 83 85 86 88 89 90 92 97 102 
Interval 220: 0 1 2 3 4 5 6 7 8 9 10 11 12 13 14 15 16 17 18 19 20 21 22 23 25 26 27 29 30 31 32 33 34 35 36 37 38 39 41 43 44 45 46 51 53 54 59 60 63 64 65 67 68 69 70 71 72 74 75 76 77 79 82 86 88 90 93 101 102 
Interval 221: 0 1 2 3 4 5 6 7 8 9 10 11 12 13 14 15 16 17 18 19 20 21 22 23 25 27 28 29 30 31 32 33 34 35 36 38 39 40 43 44 46 47 50 51 55 56 57 58 59 61 62 64 65 66 67 69 70 71 72 73 76 78 79 87 93 95 100 101 
Interval 222: 0 1 2 3 4 5 6 7 8 9 10 11 12 13 14 15 16 17 18 19 20 21 22 23 24 25 26 27 28 29 30 31 32 33 34 35 36 37 38 39 40 41 42 43 44 46 47 48 49 50 53 54 57 59 60 61 62 63 64 65 66 67 69 70 71 72 74 75 77 79 80 82 86 89 92 93 96 97 98 99 100 101 
Interval 223: 0 1 2 3 4 5 6 7 8 9 10 11 12 13 14 15 16 17 18 19 20 21 22 23 24 25 26 27 28 29 31 32 33 34 35 36 37 38 41 42 43 45 46 47 48 49 50 51 52 55 57 58 59 62 64 66 67 69 70 72 73 75 76 77 82 84 85 86 87 91 92 94 99 100 101 
Interval 224: 0 1 2 3 4 5 6 7 8 9 10 11 12 13 14 15 16 17 18 19 20 21 22 23 24 25 26 27 28 29 31 33 35 36 37 38 39 40 41 43 44 45 46 48 49 50 51 53 54 55 56 57 58 59 62 66 67 70 71 72 73 75 76 77 78 81 82 87 88 90 92 93 96 98 100 
Interval 225: 0 1 2 3 4 5 6 7 8 9 10 11 12 13 14 15 16 17 18 19 20 21 22 23 25 26 27 28 29 30 31 32 33 34 35 36 37 38 39 40 42 44 45 51 52 53 54 55 57 58 59 60 62 63 64 65 67 68 70 71 72 74 76 78 79 80 85 88 91 100 
Interval 226: 0 1 2 3 4 5 6 7 8 9 10 11 12 13 14 15 16 17 18 19 20 21 22 23 24 25 26 27 28 29 30 31 32 34 35 36 37 39 41 43 44 45 46 47 48 49 53 54 55 57 59 60 63 64 65 68 69 70 71 73 74 78 79 82 86 87 88 89 92 95 99 100 
Interval 227: 0 1 2 3 4 5 6 7 8 9 10 11 12 13 14 15 16 17 18 19 21 22 23 24 26 27 29 30 32 33 34 35 36 37 38 42 43 44 45 46 47 48 49 53 54 55 58 59 60 65 66 67 68 70 71 72 74 77 85 87 88 91 95 97 99 
Interval 228: 0 1 2 3 4 5 6 7 8 9 10 11 12 13 14 15 16 17 19 20 21 22 23 24 25 26 27 28 29 30 31 32 33 34 35 38 39 41 42 44 45 47 48 49 50 51 52 54 55 56 57 58 61 62 64 65 67 69 70 71 76 77 78 79 82 83 84 88 90 94 97 99 
Interval 229: 0 1 2 3 4 5 6 7 8 9 10 11 12 13 14 15 16 17 18 19 20 21 22 23 24 26 27 28 29 30 31 32 33 34 35 36 37 38 39 40 41 42 44 45 47 48 49 53 54 55 56 57 59 60 62 65 67 68 69 70 71 72 73 74 76 77 79 80 81 83 84 89 90 97 99 
Interval 230: 0 1 2 3 4 5 6 7 8 9 10 11 12 13 14 15 16 17 18 19 20 22 23 24 25 26 27 28 29 30 32 33 34 35 36 37 38 39 41 44 45 46 47 48 49 50 51 52 54 55 56 57 58 61 64 66 68 71 72 74 77 78 88 90 92 95 97 98 99 
Interval 231: 0 1 2 3 4 5 6 7 8 9 10 11 12 13 14 15 16 17 18 19 21 22 23 24 25 26 27 28 29 30 31 32 34 35 36 37 38 39 42 43 44 47 48 49 50 52 53 54 56 57 58 60 61 62 64 68 69 70 71 72 73 74 77 78 79 85 86 87 89 96 98 
Interval 232: 0 1 2 3 4 5 6 7 8 9 10 11 12 13 14 15 16 17 18 19 21 22 23 24 26 27 28 29 30 31 32 33 34 35 36 37 38 42 43 44 46 47 48 52 55 57 58 60 61 62 64 65 67 68 69 70 71 72 73 74 75 76 77 85 87 88 89 93 95 96 98 
Interval 233: 0 1 2 3 4 5 6 7 8 9 10 11 12 13 14 15 16 17 18 19 20 21 22 23 24 25 26 27 28 29 30 31 32 33 34 35 36 37 38 39 40 43 44 45 46 47 48 49 50 52 53 55 56 58 61 63 64 65 67 68 70 72 75 77 79 80 81 87 88 91 92 95 97 98 
Interval 234: 0 1 2 3 4 5 6 7 8 9 10 11 12 13 14 15 16 17 18 19 20 21 23 24 25 26 27 28 29 30 31 32 33 34 35 36 37 38 39 40 41 42 43 46 48 51 52 53 54 55 57 59 61 62 63 65 67 69 70 72 73 74 77 78 79 81 83 84 85 86 92 97 
Interval 235: 0 1 2 3 4 5 6 7 8 9 10 11 12 13 14 15 16 17 18 19 20 21 22 23 24 26 27 28 29 31 32 33 34 35 36 37 38 40 41 42 44 45 46 47 48 49 52 53 55 56 57 58 59 62 63 64 66 67 68 70 72 73 75 76 80 81 82 83 84 88 90 92 94 95 96 97 
Interval 236: 0 1 2 3 4 5 6 7 8 9 10 11 12 13 14 15 16 17 18 19 20 21 22 23 24 25 26 27 28 29 31 32 33 35 36 37 38 39 40 42 45 46 47 48 49 50 51 52 53 55 57 62 63 64 66 71 73 74 75 77 78 90 93 94 96 97 
Interval 237: 0 1 2 3 4 5 6 7 8 9 10 11 12 13 14 15 16 17 19 21 22 23 24 25 27 29 30 32 33 34 35 38 39 43 44 45 46 47 49 50 51 54 55 58 59 61 64 65 66 67 68 70 71 76 77 86 88 92 94 95 96 
Interval 238: 0 1 2 3 4 5 6 7 8 9 10 11 12 13 14 15 16 17 18 19 20 21 22 23 24 25 26 27 28 29 30 31 33 34 35 36 37 38 39 41 42 43 44 46 48 49 50 51 53 54 55 56 57 58 60 62 63 66 70 71 73 74 75 77 82 84 86 88 96 
Interval 239: 0 1 2 3 4 5 6 7 8 9 10 11 12 13 14 15 16 17 18 19 20 21 22 23 24 25 26 27 28 29 30 31 32 33 34 35 36 37 38 39 42 45 47 48 49 51 52 53 54 55 56 57 60 61 62 64 67 68 71 73 74 75 76 78 79 84 91 94 95 96 
Interval 240: 0 1 2 3 4 5 6 7 8 9 10 11 12 13 14 15 16 17 18 19 21 22 23 24 25 26 27 29 30 32 33 34 35 36 38 39 42 43 44 46 47 48 49 51 52 55 58 59 60 65 66 67 68 70 71 73 76 78 84 86 87 88 92 95 
Interval 241: 0 1 2 3 4 5 6 7 8 9 10 11 12 13 14 15 16 17 18 19 20 21 22 23 25 26 27 28 29 30 31 32 34 35 37 38 39 40 41 42 43 45 46 47 50 51 52 53 55 56 57 58 59 60 61 63 64 65 68 71 75 76 77 79 81 82 83 85 86 91 92 94 95 
Interval 242: 0 1 2 3 4 5 6 7 8 9 10 11 12 13 14 15 16 17 18 19 20 21 22 23 24 26 27 28 29 30 31 32 33 34 36 37 38 39 41 42 45 47 49 52 53 54 57 59 60 62 63 64 65 66 67 74 75 76 77 79 83 84 85 90 94 95 
Interval 243: 0 1 2 3 4 5 6 7 8 9 10 11 12 13 14 15 16 17 18 19 20 21 22 23 24 25 26 27 28 29 30 31 32 33 35 36 37 38 39 40 41 43 44 45 46 48 49 50 51 53 54 56 57 58 60 61 62 63 64 67 71 72 75 77 83 86 88 89 90 91 93 94 95 
Interval 244: 0 1 2 3 4 5 6 7 8 9 10 12 13 14 15 16 17 18 19 20 24 25 26 27 28 29 30 31 32 33 34 35 36 38 39 40 48 49 50 52 54 55 56 57 59 60 61 63 64 65 67 68 70 72 73 76 77 78 79 94 
Interval 245: 0 1 2 3 4 5 6 7 8 9 10 11 12 13 14 15 16 17 18 19 20 22 23 24 25 26 27 28 29 30 31 32 33 34 36 37 38 40 41 44 45 46 47 48 49 50 52 54 55 56 57 58 59 62 64 66 68 69 72 73 74 76 77 80 83 88 90 92 93 94 
Interval 246: 0 1 2 3 4 5 6 7 8 9 10 11 12 13 14 15 16 17 19 20 21 22 23 24 26 27 29 30 31 32 33 34 35 38 40 41 42 43 44 46 48 49 52 53 54 55 58 60 61 62 63 64 66 68 69 71 77 81 85 89 93 94 
Interval 247: 0 1 2 3 4 5 6 7 8 9 10 11 12 13 14 15 16 17 18 19 20 21 22 23 24 25 26 27 28 29 30 31 32 33 35 36 38 39 40 42 43 45 46 48 51 52 53 54 57 58 59 61 63 64 65 67 70 72 76 81 84 86 87 90 93 
Interval 248: 0 1 2 3 4 5 6 7 8 9 10 11 12 13 14 15 16 17 18 19 20 21 22 23 24 26 27 28 29 30 31 32 33 34 36 37 38 40 42 43 44 45 46 47 48 49 52 53 54 55 56 57 59 60 62 63 66 68 72 76 77 80 81 85 87 88 89 90 92 93 
Interval 249: 0 1 2 3 4 5 6 7 8 9 10 11 12 13 14 15 16 17 18 19 20 21 22 23 24 25 26 28 29 30 32 33 34 35 36 37 38 39 40 41 42 43 44 45 47 49 50 51 52 53 56 58 64 66 69 70 71 73 74 75 77 78 79 80 82 83 85 87 89 90 92 93 
Interval 250: 0 1 2 3 4 5 6 7 8 9 10 11 12 13 14 15 16 17 18 19 20 21 22 23 25 27 28 30 31 32 33 34 35 36 37 38 39 41 42 43 44 45 46 47 50 51 54 55 56 60 61 62 63 65 66 68 71 73 74 75 76 79 82 85 88 90 92 
Interval 251: 0 1 2 3 4 5 6 7 8 9 10 11 12 13 14 15 16 17 18 19 20 21 22 23 25 26 27 28 29 30 31 32 33 34 36 39 41 42 44 45 46 47 50 52 53 54 55 56 57 59 60 61 62 64 65 66 68 73 79 83 85 88 91 92 
Interval 252: 0 1 2 3 4 5 6 7 8 9 10 11 12 13 14 15 16 17 18 19 20 21 22 23 24 25 26 28 29 31 33 35 36 37 38 39 40 41 42 43 44 45 47 48 51 52 53 56 58 62 63 66 67 70 72 73 74 76 78 79 81 83 84 85 86 89 91 92 
Interval 253: 0 1 2 3 4 5 6 7 8 9 10 11 12 13 14 15 16 17 18 19 20 21 22 23 24 25 26 27 28 29 30 31 32 34 35 36 37 38 40 43 44 45 47 48 49 50 51 52 53 54 57 58 60 61 62 63 65 69 70 73 74 77 87 89 91 
Interval 254: 0 1 2 3 4 5 6 7 8 9 10 11 12 13 14 15 16 17 18 19 20 21 22 23 25 26 27 28 30 31 32 33 34 35 36 38 39 40 43 44 45 46 47 50 51 52 53 54 55 56 60 63 64 65 67 68 70 71 77 79 81 86 88 91 
Interval 255: 0 1 2 3 4 5 6 7 8 9 10 11 12 13 14 15 16 17 18 19 20 21 23 24 25 26 27 28 29 31 32 33 34 35 36 37 38 39 40 41 42 43 47 48 51 52 53 55 57 58 59 63 64 67 69 71 73 74 76 77 78 81 83 84 85 86 91 
Interval 256: 0 1 2 3 4 5 6 7 8 9 10 11 12 13 14 15 16 17 18 19 20 21 22 23 24 25 26 27 28 29 30 31 32 33 35 36 37 38 40 43 45 46 48 49 51 52 55 56 58 59 61 64 65 67 70 73 75 76 77 80 86 90 91 
Interval 257: 0 1 2 3 4 5 6 7 8 9 10 11 12 13 14 15 16 17 18 19 20 21 22 23 24 25 26 29 30 31 32 33 35 36 37 38 39 40 41 42 43 44 46 49 50 52 53 58 59 60 62 64 65 66 71 73 75 76 77 78 81 82 84 85 89 90 
Interval 258: 0 1 2 3 4 5 6 7 8 9 10 11 12 13 14 15 16 17 18 20 21 22 23 25 27 28 29 30 31 32 33 34 35 36 37 40 42 43 44 45 46 47 50 55 56 57 58 59 61 62 64 65 67 70 71 73 75 81 84 87 88 89 90 
Interval 259: 0 1 2 3 4 5 6 7 8 9 10 12 13 14 15 16 17 18 19 20 21 24 25 26 27 28 29 30 31 32 33 34 36 37 39 40 43 48 49 51 52 54 56 58 59 60 62 63 64 65 66 69 72 75 79 81 87 89 90 
Interval 260: 0 1 2 3 4 5 6 7 8 9 10 11 12 13 14 15 16 17 18 19 20 23 24 25 26 27 28 29 30 31 32 33 34 35 36 37 39 40 41 46 47 48 49 50 51 52 53 54 55 57 58 59 60 61 63 65 66 68 69 70 72 73 74 78 79 80 89 
Interval 261: 0 1 2 3 4 5 6 7 8 9 10 11 12 13 14 15 16 17 18 19 21 22 23 24 25 26 27 28 30 31 32 33 34 36 37 38 39 42 43 45 47 48 50 53 54 55 56 57 60 61 62 65 67 69 72 73 74 76 77 78 79 84 87 89 
Interval 262: 0 1 2 3 4 5 6 7 8 9 10 11 12 13 14 15 16 17 18 19 20 21 23 24 25 26 27 28 29 30 31 32 33 34 35 36 37 38 40 41 42 43 46 48 50 52 54 55 56 57 58 59 60 63 64 65 66 68 69 72 73 74 80 81 82 86 87 88 89 
Interval 263: 0 1 2 3 4 5 6 7 8 9 10 11 12 13 14 15 16 17 18 19 20 21 23 24 25 26 27 28 29 30 31 32 33 34 35 36 37 39 41 42 43 46 47 48 49 50 52 53 54 55 57 59 60 61 63 65 66 69 70 71 72 74 75 78 83 85 88 
Interval 264: 0 1 2 3 4 5 6 7 8 9 10 11 12 13 14 15 16 17 18 19 20 21 23 24 25 26 27 28 29 30 31 32 33 34 35 36 38 39 41 42 46 47 49 50 51 53 55 56 57 58 59 60 63 64 67 69 70 71 72 76 78 82 84 88 
Interval 265: 0 1 2 3 4 5 6 7 8 9 10 11 12 13 14 15 16 17 18 19 20 21 22 23 24 25 27 28 29 30 31 32 34 35 37 38 39 40 43 45 47 48 49 50 51 55 56 57 58 59 61 62 64 65 68 69 71 74 78 79 80 81 86 87 88 
Interval 266: 0 1 2 3 4 5 6 7 8 9 10 11 12 13 14 15 16 17 18 20 21 22 23 24 25 26 27 29 30 31 32 33 34 35 36 41 42 45 46 48 49 50 51 52 53 54 55 58 59 60 61 63 65 66 67 68 69 70 71 72 74 82 84 87 
Interval 267: 0 1 2 3 4 5 6 7 8 9 10 11 12 13 14 15 16 17 18 19 20 22 23 25 26 27 28 29 30 31 32 33 35 36 37 38 39 40 41 45 46 47 50 51 53 54 55 56 58 59 61 62 63 64 67 70 71 72 73 74 78 79 80 83 87 
Interval 268: 0 1 2 3 4 5 6 7 8 9 10 11 12 13 14 15 16 17 18 19 20 21 22 23 24 26 27 28 29 30 31 32 33 34 35 37 39 40 41 42 43 44 45 46 48 49 52 53 54 57 58 60 61 62 65 66 67 68 70 74 75 78 81 82 84 87 
Interval 269: 0 1 2 3 4 5 6 7 8 9 10 11 12 13 14 15 16 17 18 20 21 22 23 24 25 27 29 30 32 33 34 35 36 37 40 41 43 44 46 48 49 50 51 54 55 58 59 60 61 65 67 68 69 70 71 72 73 74 75 80 82 86 87 
Interval 270: 0 1 2 3 4 5 6 7 8 9 10 11 12 13 14 15 16 17 18 19 20 21 22 23 25 26 27 28 29 31 32 33 34 35 36 37 38 39 40 41 42 43 44 45 47 50 51 52 55 56 57 59 62 63 65 66 68 70 75 76 80 81 82 85 86 
Interval 271: 0 1 2 3 4 5 6 7 8 9 10 11 12 13 14 15 16 17 18 19 20 21 22 23 24 26 27 28 29 30 31 33 34 35 37 38 39 41 42 44 46 48 49 53 54 56 57 58 59 61 62 63 66 69 70 71 75 76 77 78 84 86 
Interval 272: 0 1 2 3 4 5 6 7 8 9 10 11 12 13 14 15 16 17 18 19 20 21 22 23 24 25 26 27 28 29 31 32 33 34 36 37 38 39 40 41 42 43 44 46 47 48 49 50 53 55 56 57 58 59 62 63 68 69 72 74 76 78 80 83 85 86 
Interval 273: 0 1 2 3 4 5 6 7 8 9 10 11 12 13 14 15 16 17 18 19 20 22 23 24 25 26 27 29 30 32 33 34 36 38 39 41 44 45 46 47 48 49 50 51 53 54 55 58 59 61 65 66 67 69 72 73 76 85 
Interval 274: 0 1 2 3 4 5 6 7 8 9 10 11 12 13 14 15 16 17 18 19 20 21 22 23 24 26 27 28 29 30 31 33 34 35 36 37 38 40 41 42 43 45 46 47 48 49 53 54 57 59 60 63 66 67 68 69 70 72 73 74 75 76 78 80 83 85 
Interval 275: 0 1 2 3 4 5 6 7 8 9 10 11 12 13 14 15 16 17 18 19 20 21 22 23 24 25 26 27 28 29 30 31 32 33 35 36 37 38 40 42 45 46 48 49 51 52 53 55 57 58 59 60 62 64 65 66 67 70 71 72 75 76 77 80 84 85 
Interval 276: 0 1 2 3 4 5 6 7 8 9 10 11 12 13 14 15 16 17 18 19 21 22 23 24 25 26 28 29 31 32 33 34 35 36 37 38 39 42 43 44 45 47 48 49 50 51 53 56 57 58 59 62 63 65 67 69 71 72 74 76 78 79 84 
Interval 277: 0 1 2 3 4 5 6 7 8 9 10 11 12 13 14 15 16 17 18 19 20 21 22 23 24 26 27 28 29 30 31 32 34 35 37 38 39 40 43 44 45 46 47 49 53 54 55 56 57 58 59 60 61 63 65 70 71 75 77 79 80 84 
Interval 278: 0 1 2 3 4 5 6 7 8 9 10 11 12 13 14 15 16 17 18 19 20 21 22 23 24 25 26 27 28 31 32 33 34 35 36 37 38 39 40 41 42 44 45 46 47 48 49 50 51 53 54 57 62 63 64 67 71 73 75 76 77 78 83 84 
Interval 279: 0 1 2 3 4 5 6 7 8 9 10 11 12 13 14 15 16 17 18 19 20 22 23 24 25 26 27 28 30 31 32 33 34 35 37 38 39 40 41 46 47 48 49 50 51 53 54 55 56 57 60 61 63 64 66 71 75 77 78 82 83 
Interval 280: 0 1 2 3 4 5 6 7 8 9 10 11 12 13 14 15 16 17 18 19 20 21 22 23 24 25 26 27 28 29 30 31 32 34 35 37 38 41 42 43 45 46 47 48 50 51 52 55 56 57 58 59 60 62 64 65 68 69 70 71 77 82 83 
Interval 281: 0 1 2 3 4 5 6 7 8 9 10 11 12 13 14 15 16 17 18 20 21 22 23 24 25 26 28 29 31 32 33 34 36 37 40 41 42 44 47 48 49 50 52 53 56 57 58 62 64 65 66 67 73 74 75 80 82 83 
Interval 282: 0 1 2 3 4 5 6 7 8 9 10 11 12 13 14 15 16 17 18 19 20 21 22 23 24 25 26 27 28 29 30 31 32 35 37 38 40 41 42 43 45 47 48 50 51 52 53 55 56 58 59 60 62 63 64 65 70 77 81 82 
Interval 283: 0 1 2 3 4 5 6 7 8 9 10 11 12 13 14 15 16 17 18 19 20 22 24 25 26 28 29 30 31 32 33 34 35 36 37 38 39 40 41 44 45 48 49 50 51 52 58 59 60 61 63 65 66 69 71 72 73 75 76 77 79 80 81 82 
Interval 284: 0 1 2 3 4 5 6 7 8 9 10 11 12 13 14 15 16 17 18 19 20 21 22 24 25 26 27 28 29 30 31 32 33 34 35 36 37 38 41 42 43 44 45 51 52 54 55 57 59 61 62 63 65 66 71 73 74 75 77 82 
Interval 285: 0 1 2 3 4 5 6 7 8 9 10 11 12 13 14 15 16 17 18 19 20 21 22 23 24 25 26 27 28 29 30 31 33 34 35 37 38 39 40 41 42 44 45 46 47 50 51 52 53 54 55 56 58 59 61 66 68 69 70 71 74 76 78 80 81 82 
Interval 286: 0 1 2 3 4 5 6 7 8 9 10 11 12 13 14 15 16 17 18 19 20 21 22 23 24 25 27 28 29 30 31 32 33 34 36 37 38 39 41 42 43 44 45 46 47 49 50 55 58 60 61 62 64 67 68 69 74 78 79 81 
Interval 287: 0 1 2 3 4 5 6 7 8 9 10 11 12 13 14 15 16 17 18 19 20 21 22 23 24 25 26 27 29 30 31 32 33 35 36 37 38 39 40 43 44 45 46 47 48 49 50 52 53 55 58 59 60 61 62 65 72 74 77 79 80 81 
Interval 288: 0 1 2 3 4 5 6 7 8 9 10 11 12 13 14 15 16 17 18 20 21 22 23 24 25 26 27 28 29 30 31 32 33 34 35 37 40 42 43 45 46 48 49 50 52 54 55 56 58 59 62 64 66 67 69 70 71 74 75 80 81 
Interval 289: 0 1 2 3 4 5 6 7 8 9 10 11 12 13 14 15 16 17 18 19 20 21 22 23 24 25 26 27 28 29 31 32 33 34 35 36 37 38 41 42 44 46 48 49 50 53 55 56 58 64 66 68 69 71 72 75 77 80 
Interval 290: 0 1 2 3 4 5 6 7 8 9 10 11 12 13 14 15 16 17 18 19 20 21 22 23 24 25 26 27 28 29 30 31 32 33 34 35 37 38 40 41 42 44 46 48 49 50 51 54 55 56 57 60 63 65 67 68 71 77 80 
Interval 291: 0 1 2 3 4 5 6 7 8 9 10 11 12 13 14 16 17 18 19 20 21 22 23 24 25 26 27 28 29 33 35 36 37 38 39 41 42 43 44 45 46 47 48 49 50 51 52 53 54 55 56 57 59 66 70 72 73 74 76 79 80 
Interval 292: 0 1 2 3 4 5 6 7 8 9 10 11 12 13 14 15 16 17 18 19 20 21 22 23 24 27 29 30 31 32 33 34 35 36 37 38 40 41 42 44 45 46 47 48 49 54 55 58 62 65 67 68 69 70 72 73 75 76 79 
Interval 293: 0 1 2 3 4 5 6 7 8 9 10 11 12 13 14 15 16 17 18 19 20 21 22 23 24 25 26 27 28 29 31 32 33 34 36 37 38 39 40 42 43 44 45 46 47 49 50 52 53 54 55 56 58 63 65 66 68 73 75 77 78 79 
Interval 294: 0 1 2 3 4 5 6 7 8 9 10 11 12 13 14 15 16 17 18 19 20 21 23 24 25 26 27 28 29 30 31 32 33 34 35 36 37 38 39 40 41 42 43 46 49 51 52 53 54 56 58 59 60 63 64 65 66 67 68 70 73 76 78 79 
Interval 295: 0 1 2 3 4 5 6 7 8 9 10 11 12 13 14 15 16 17 18 19 20 21 22 23 24 25 26 27 28 29 30 31 32 33 34 36 37 39 40 41 42 44 45 46 47 48 49 50 51 52 55 56 58 59 60 61 62 63 65 66 67 68 73 74 78 
Interval 296: 0 1 2 3 4 5 6 7 8 9 10 11 12 13 14 15 16 17 18 19 21 22 23 24 25 26 27 28 29 31 32 33 34 36 37 38 39 42 43 44 45 46 47 48 49 51 53 54 59 63 64 65 66 68 69 72 74 75 76 78 
Interval 297: 0 1 2 3 4 5 6 7 8 9 10 11 12 13 14 15 16 17 19 20 21 22 23 24 25 26 27 29 30 31 32 33 34 38 41 42 43 44 46 48 49 50 51 52 55 58 59 61 62 63 65 67 68 69 77 78 
Interval 298: 0 1 2 3 4 5 6 7 8 9 10 11 12 13 14 15 16 17 19 20 21 23 24 25 26 27 28 29 30 31 32 33 34 35 39 41 42 43 46 47 48 50 51 52 53 54 55 56 57 59 60 61 62 63 65 67 68 70 77 
Interval 299: 0 1 2 3 4 5 6 7 8 9 10 11 12 13 14 15 16 17 18 19 20 21 22 23 24 25 27 28 29 30 31 32 33 34 35 37 38 40 43 45 47 48 49 50 54 56 57 58 59 60 62 63 64 65 67 69 70 71 74 77 
Interval 300: 0 1 2 3 4 5 6 7 8 9 10 11 12 13 14 15 16 17 18 19 20 21 22 23 24 25 26 27 28 29 30 31 33 35 36 37 38 39 40 42 44 47 48 49 51 52 53 54 55 56 57 59 61 62 66 70 71 72 73 74 76 77 
Interval 301: 0 1 2 3 4 5 6 7 8 9 10 11 12 13 14 15 16 17 18 19 20 21 22 23 24 25 26 27 28 30 31 32 33 35 37 38 39 40 41 43 45 46 48 51 52 53 54 56 57 61 63 65 67 71 74 76 
Interval 302: 0 1 2 3 4 5 6 7 8 9 10 11 12 13 14 15 16 17 18 19 20 21 23 24 25 26 27 28 29 30 31 33 35 37 38 39 41 42 46 47 48 49 50 51 52 54 55 56 57 58 59 60 61 62 66 67 71 74 76 
Interval 303: 0 1 2 3 4 5 6 7 8 9 10 11 12 13 14 15 16 17 18 20 21 22 24 25 26 27 28 29 30 31 32 34 35 37 40 42 43 44 45 48 49 50 52 53 57 58 60 61 62 63 64 69 70 74 76 
Interval 304: 0 1 2 3 4 5 6 7 8 9 10 11 12 13 14 15 16 17 18 19 20 21 22 23 25 27 28 29 30 31 32 33 36 37 38 40 41 42 44 45 46 47 50 54 55 56 57 58 59 60 62 65 66 67 74 75 76 
Interval 305: 0 1 2 3 4 5 6 7 8 9 10 11 12 13 14 15 16 17 18 19 20 21 22 23 24 25 26 27 28 29 30 31 32 33 35 36 37 38 39 40 41 43 44 45 46 47 48 49 50 51 52 53 55 56 57 58 60 63 64 65 66 67 70 72 75 
Interval 306: 0 1 2 3 4 5 6 7 8 9 10 11 12 13 14 15 16 17 18 19 20 22 23 24 25 26 27 28 29 30 31 32 33 34 35 36 37 38 39 40 46 47 48 49 51 52 53 55 59 60 63 64 66 69 71 72 73 74 75 
Interval 307: 0 1 2 3 4 5 6 7 8 9 10 11 12 13 14 15 16 17 19 20 21 22 23 25 26 27 29 30 31 32 33 34 38 39 41 42 43 44 45 46 47 50 53 54 58 59 61 66 68 69 74 75 
Interval 308: 0 1 2 3 4 5 6 7 8 9 10 11 12 13 14 15 16 17 18 19 20 21 22 23 25 26 27 28 29 31 32 33 34 35 36 37 38 40 41 42 45 46 52 53 54 56 58 59 62 64 66 69 70 71 73 74 
Interval 309: 0 1 2 3 4 5 6 7 8 9 10 11 12 13 14 15 17 18 19 20 21 22 23 24 25 26 27 28 29 30 31 34 35 37 38 39 41 42 43 44 45 46 47 48 49 50 53 54 55 57 59 60 61 62 63 71 74 
Interval 310: 0 1 2 3 4 5 6 7 8 9 10 11 12 13 14 15 16 17 18 19 20 21 22 23 24 25 26 27 28 29 30 31 32 33 34 35 36 38 40 43 44 45 46 49 50 51 53 54 55 56 57 58 61 62 64 65 68 69 70 73 74 
Interval 311: 0 1 2 3 4 5 6 7 8 9 10 11 12 13 14 15 16 18 19 20 21 22 23 24 25 27 28 29 30 32 33 36 37 38 39 40 41 42 44 45 47 48 49 51 55 56 58 65 66 67 73 
Interval 312: 0 1 2 3 4 5 6 7 8 9 10 11 12 13 14 15 16 17 18 19 20 21 22 23 24 25 26 28 29 30 31 32 33 34 37 38 39 40 41 42 45 47 48 49 51 53 57 58 59 60 61 64 67 68 73 
Interval 313: 0 1 2 3 4 5 6 7 8 9 10 11 12 13 14 15 16 17 18 19 20 21 22 23 24 25 26 27 28 30 31 32 33 34 35 37 38 39 41 43 44 45 46 47 49 52 53 54 55 56 61 63 64 66 67 68 72 73 
Interval 314: 0 1 2 3 4 5 6 7 8 9 10 11 12 13 14 15 16 17 18 19 20 21 22 23 24 25 26 27 28 29 30 31 32 33 34 35 36 38 40 42 45 47 48 49 51 52 54 57 59 60 61 63 64 65 66 68 69 70 71 72 
Interval 315: 0 1 2 3 4 5 6 7 8 9 10 11 12 13 14 15 16 18 19 20 21 22 23 24 25 26 27 28 29 31 32 33 36 37 38 39 40 41 42 43 44 45 46 47 48 50 53 54 55 56 57 58 63 64 67 72 
Interval 316: 0 1 2 3 4 5 6 7 8 9 10 11 12 13 14 15 16 17 18 19 20 21 22 23 24 25 26 27 28 29 30 31 32 33 34 35 36 37 39 40 42 45 46 49 50 52 53 54 55 57 58 59 61 62 63 69 70 71 72 
Interval 317: 0 1 2 3 4 5 6 7 8 9 10 11 12 13 14 15 16 17 18 19 20 21 22 23 24 25 26 28 29 30 31 32 34 35 37 39 40 41 42 44 46 47 48 50 51 52 56 57 58 61 62 70 71 
Interval 318: 0 1 2 3 4 5 6 7 8 9 10 11 12 13 14 15 16 17 18 19 20 21 22 23 24 26 27 29 30 31 32 33 34 35 37 39 41 42 43 44 45 46 48 52 54 55 58 59 61 62 63 64 65 66 67 69 70 71 
Interval 319: 0 1 2 3 4 5 6 7 8 9 10 11 12 13 14 15 16 17 18 19 20 21 22 23 25 26 27 28 29 30 31 32 33 34 35 36 37 38 41 42 44 45 46 47 51 53 54 55 56 61 63 66 67 69 70 71 
Interval 320: 0 1 2 3 4 5 6 7 8 9 10 11 12 13 14 15 16 17 19 20 21 22 24 25 27 28 29 30 31 32 33 34 35 39 40 42 43 44 48 50 51 54 56 57 59 60 61 62 63 65 68 70 
Interval 321: 0 1 2 3 4 5 6 7 8 9 10 11 12 13 14 15 16 17 18 19 20 21 22 23 24 25 26 27 28 29 30 31 32 33 35 36 37 39 40 41 42 43 45 48 50 51 53 55 56 57 59 63 65 66 70 
Interval 322: 0 1 2 3 4 5 6 7 8 9 10 11 12 13 14 15 16 17 18 19 20 22 23 24 25 26 27 29 30 31 32 34 35 36 37 38 41 44 47 48 49 50 51 53 54 59 60 61 62 64 69 70 
Interval 323: 0 1 2 3 4 5 6 7 8 9 10 11 12 13 14 15 16 17 18 19 20 22 23 24 25 26 27 28 30 33 34 35 36 37 38 39 41 44 45 46 47 48 49 50 51 52 53 54 55 56 57 60 61 66 69 70 
Interval 324: 0 1 2 3 4 5 6 7 8 9 10 11 12 13 14 15 16 17 18 19 20 21 22 23 24 25 26 27 28 29 30 31 32 34 36 38 39 40 41 42 44 45 47 49 50 51 53 54 55 56 57 59 60 61 63 65 69 
Interval 325: 0 1 2 3 4 5 6 7 8 9 10 11 12 13 14 15 16 17 18 19 20 21 22 24 25 26 27 28 29 30 31 32 33 35 36 39 40 41 42 43 44 45 48 49 53 54 55 57 59 60 61 63 65 69 
Interval 326: 0 1 2 3 4 5 6 7 8 9 10 11 12 13 14 15 16 17 18 19 20 21 22 23 24 25 26 27 28 29 30 31 32 34 35 36 37 38 40 41 42 44 45 46 47 48 49 51 52 53 54 57 58 59 61 62 64 65 68 69 
Interval 327: 0 1 2 3 4 5 6 7 8 9 10 11 12 13 14 15 16 17 18 19 20 21 22 23 24 25 26 27 28 29 31 32 34 35 37 38 39 40 41 42 43 45 46 47 49 50 51 53 54 55 56 58 62 68 
Interval 328: 0 1 2 3 4 5 6 7 8 9 10 11 12 13 14 15 16 17 18 19 20 21 22 23 24 25 26 27 28 29 30 31 32 33 34 35 36 38 39 40 41 42 43 45 46 47 49 50 53 54 55 56 58 62 63 64 65 66 67 68 
Interval 329: 0 1 2 3 4 5 6 7 8 9 10 11 12 13 14 15 16 17 18 19 20 21 22 23 24 25 26 27 28 30 31 32 34 36 37 38 40 41 42 43 44 45 47 49 50 51 53 54 55 57 61 62 65 67 68 
Interval 330: 0 1 2 3 4 5 6 7 8 9 10 11 12 13 14 15 16 17 18 19 20 21 22 23 24 25 27 28 29 30 32 34 35 36 37 38 40 41 42 44 45 46 47 48 49 50 54 56 59 60 64 67 
Interval 331: 0 1 2 3 4 5 6 7 8 9 10 11 12 13 14 15 16 17 18 19 20 21 22 23 25 26 27 28 29 30 32 33 36 37 38 39 41 42 43 44 45 46 51 52 56 57 58 61 64 65 66 67 
Interval 332: 0 1 2 3 4 5 6 7 8 9 10 11 12 13 14 15 16 17 18 20 21 22 23 24 25 26 28 29 30 31 33 34 35 36 37 40 41 42 43 44 46 48 49 50 52 53 56 57 58 59 61 63 66 67 
Interval 333: 0 1 2 3 4 5 6 7 8 9 10 11 12 13 14 15 16 17 18 19 20 21 22 23 24 25 26 28 29 30 31 32 33 35 36 38 39 41 42 44 46 47 48 49 50 51 53 56 58 60 63 65 66 
Interval 334: 0 1 2 3 4 5 6 7 8 9 10 11 12 13 14 15 16 17 18 19 20 21 22 23 24 25 26 28 29 30 31 33 34 35 36 37 39 40 41 42 44 45 46 47 48 49 50 51 52 56 57 59 62 66 
Interval 335: 0 1 2 3 4 5 6 7 8 9 10 11 12 13 14 15 16 17 18 19 20 21 22 23 24 25 26 27 28 29 30 31 32 33 36 37 38 40 41 42 43 44 47 48 50 52 53 55 56 61 62 64 65 66 
Interval 336: 0 1 2 3 4 5 6 7 8 9 10 11 12 13 14 15 16 17 18 19 20 21 22 23 24 25 27 28 29 30 31 32 34 35 36 39 40 42 43 44 45 46 47 48 50 54 55 57 58 60 62 64 65 
Interval 337: 0 1 2 3 4 5 6 7 8 9 10 11 12 13 14 15 16 17 18 19 20 21 22 23 24 25 26 27 29 30 31 33 34 36 37 38 41 43 44 47 49 50 51 52 53 54 58 60 62 63 65 
Interval 338: 0 1 2 3 4 5 6 7 8 9 10 11 12 13 14 15 16 17 18 19 20 21 22 23 24 25 26 27 29 31 32 33 34 35 36 37 38 39 40 41 42 44 45 47 48 50 51 52 53 54 58 59 62 64 65 
Interval 339: 0 1 2 3 4 5 6 7 8 9 10 11 12 13 14 15 16 17 18 19 20 22 23 24 25 26 27 28 30 32 33 34 35 36 37 39 40 45 46 47 48 51 52 53 54 55 57 60 61 64 
Interval 340: 0 1 2 3 4 5 6 7 8 9 10 11 12 13 14 15 17 18 19 20 21 22 23 24 25 26 27 28 29 30 31 34 36 37 38 39 40 42 44 45 46 47 48 49 51 52 54 55 56 57 58 59 60 62 63 64 
Interval 341: 0 1 2 3 4 5 6 7 8 9 10 11 12 13 14 15 16 17 18 19 20 21 22 23 24 25 26 27 28 29 31 32 33 34 35 36 38 39 41 42 43 44 46 48 49 50 51 52 54 55 56 57 58 59 63 64 
Interval 342: 0 1 2 3 4 5 6 7 8 9 10 11 12 13 14 15 16 17 18 19 21 22 24 25 26 27 28 29 30 31 32 33 34 35 36 38 39 42 43 48 49 51 52 53 54 56 59 60 62 63 
Interval 343: 0 1 2 3 4 5 6 7 8 9 10 11 12 13 14 15 16 17 18 19 20 21 22 23 24 25 26 27 29 30 31 32 36 37 38 39 40 42 44 46 47 48 49 50 52 58 59 61 63 
Interval 344: 0 1 2 3 4 5 6 7 8 9 10 11 12 13 14 15 16 18 19 20 21 22 23 24 25 26 27 28 29 31 32 33 36 38 39 40 41 42 43 45 47 49 50 51 53 54 56 58 62 63 
Interval 345: 0 1 2 3 4 5 6 7 8 9 10 11 12 13 14 15 17 18 19 20 21 23 24 25 26 27 28 29 30 31 34 36 38 39 41 43 47 48 49 50 51 53 56 58 59 60 61 62 
Interval 346: 0 1 2 3 4 5 6 7 8 9 10 11 12 13 14 15 16 17 18 19 20 21 22 23 24 25 26 27 28 29 30 31 32 34 35 36 37 38 40 41 42 43 45 47 49 52 53 54 55 56 57 59 60 62 
Interval 347: 0 1 2 3 4 5 6 7 8 9 10 11 12 13 14 15 16 17 18 19 20 21 22 23 24 25 26 28 29 30 32 33 34 35 36 38 40 42 44 45 46 47 49 50 51 52 53 56 58 60 61 62 
Interval 348: 0 1 2 3 4 5 6 7 8 9 10 11 12 13 14 15 16 17 18 19 20 21 22 23 24 25 26 27 28 29 30 31 32 33 34 35 37 38 39 40 44 45 46 49 50 51 52 54 55 56 58 59 60 61 
Interval 349: 0 1 2 3 4 5 6 7 8 9 10 11 12 13 14 15 16 17 18 19 20 21 22 23 24 25 26 27 28 29 30 31 32 33 34 36 38 39 40 41 42 43 44 46 49 51 53 54 57 58 59 60 61 
Interval 350: 0 1 2 3 4 5 6 7 8 9 10 11 12 13 14 15 16 17 18 19 20 22 23 24 26 27 28 29 31 32 33 34 35 36 37 39 40 41 44 45 46 47 52 54 57 58 61 
Interval 351: 0 1 2 3 4 5 6 7 8 9 10 11 12 13 14 15 16 17 18 19 20 21 22 24 25 26 27 28 29 30 31 32 34 35 36 37 39 41 42 43 44 49 50 51 52 54 55 57 60 61 
Interval 352: 0 1 2 3 4 5 6 7 8 9 10 11 12 13 14 15 16 17 18 19 20 21 22 23 24 25 26 27 28 29 30 31 33 34 35 37 39 40 43 44 45 46 47 48 49 50 51 53 55 56 58 60 
Interval 353: 0 1 2 3 4 5 6 7 8 9 10 11 12 13 14 15 16 17 18 19 20 21 22 23 24 27 28 29 30 31 33 34 35 36 38 39 40 41 42 43 44 46 49 54 55 57 58 60 
Interval 354: 0 1 2 3 4 5 6 7 8 9 10 11 12 13 14 15 16 17 18 19 20 21 22 23 24 25 26 27 28 29 31 33 36 37 38 39 40 41 42 44 45 46 48 49 50 52 53 56 59 60 
Interval 355: 0 1 2 3 4 5 6 7 8 9 10 11 12 13 14 15 16 18 19 20 22 23 24 25 26 27 28 29 30 32 33 36 37 39 40 45 46 48 49 50 51 52 53 54 55 56 58 59 
Interval 356: 0 1 2 3 4 5 6 7 8 9 10 11 12 13 14 15 16 17 18 19 20 21 22 23 24 25 26 27 28 29 30 32 33 34 36 37 38 39 41 42 43 45 46 47 48 49 50 51 53 54 56 59 
Interval 357: 0 1 2 3 4 5 6 7 8 9 10 11 12 13 14 15 16 17 18 19 20 21 22 23 24 25 26 27 28 29 30 33 34 35 37 38 40 41 42 44 45 46 47 49 51 52 53 55 56 57 58 59 
Interval 358: 0 1 2 3 4 5 6 7 8 9 10 11 12 13 14 15 16 17 18 19 20 21 22 23 24 25 26 27 28 29 30 31 32 33 34 35 36 38 39 40 41 42 43 44 45 46 47 48 49 50 51 53 55 58 
Interval 359: 0 1 2 3 4 5 6 7 8 9 10 11 12 13 14 15 16 17 18 19 20 21 22 23 24 25 26 28 29 30 31 32 34 35 36 37 38 39 41 42 43 44 46 47 48 49 50 51 53 57 58 
Interval 360: 0 1 2 3 4 5 6 7 8 9 10 11 12 13 14 15 16 17 18 19 20 21 22 23 24 25 26 27 29 30 31 32 33 35 37 38 39 40 41 42 43 45 46 47 48 49 50 52 54 57 58 
Interval 361: 0 1 2 3 4 5 6 7 8 9 10 11 12 13 14 15 16 17 18 19 20 21 22 23 24 25 26 27 28 29 30 31 32 33 34 35 36 37 38 39 40 41 42 43 44 47 49 52 53 54 55 56 57 
Interval 362: 0 1 2 3 4 5 6 7 8 9 10 11 12 13 14 15 16 17 18 19 20 21 22 23 24 25 26 27 28 30 31 33 34 35 36 37 38 39 40 42 43 44 46 47 49 50 51 52 55 56 57 
Interval 363: 0 1 2 3 4 5 6 7 8 9 10 11 12 13 14 15 16 17 18 19 20 21 22 23 24 25 26 27 28 29 30 31 32 33 34 37 39 40 41 42 43 45 46 47 49 50 51 52 53 56 57 
Interval 364: 0 1 2 3 4 5 6 7 8 9 10 11 12 13 14 15 16 17 19 20 21 22 23 24 25 26 27 28 29 30 31 32 33 34 35 39 41 43 44 45 46 47 50 53 54 55 56 
Interval 365: 0 1 2 3 4 5 6 7 8 9 10 11 12 13 14 15 16 17 18 19 20 21 22 23 24 25 27 28 29 30 31 32 33 34 35 37 38 39 40 42 43 44 45 46 47 48 49 50 54 55 56 
Interval 366: 0 1 2 3 4 5 6 7 8 9 10 11 12 13 14 15 16 17 18 19 20 21 22 23 24 25 26 27 28 30 31 32 34 36 37 38 39 40 43 45 46 47 48 49 50 52 53 54 55 56 
Interval 367: 0 1 2 3 4 5 6 7 8 9 10 11 12 13 14 15 16 17 18 19 20 21 22 23 24 25 26 27 28 29 30 31 32 33 34 35 36 37 38 39 40 42 43 44 46 48 49 51 52 53 54 55 
Interval 368: 0 1 2 3 4 5 6 7 8 9 10 11 12 13 14 15 16 17 18 19 20 21 22 23 24 25 26 28 29 30 31 32 34 35 36 37 38 39 40 41 42 43 45 46 47 49 50 51 53 55 
Interval 369: 0 1 2 3 4 5 6 7 8 9 10 11 12 13 14 15 16 17 18 19 20 21 22 23 24 25 26 27 29 31 32 33 34 35 36 38 39 40 41 43 44 46 47 48 50 53 54 55 
Interval 370: 0 1 2 3 4 5 6 7 8 9 10 11 12 13 14 15 16 17 18 19 20 21 22 23 24 25 26 27 28 29 30 32 33 34 35 36 37 38 39 41 42 43 45 46 47 48 49 50 51 52 54 
Interval 371: 0 1 2 3 4 5 6 7 8 9 10 11 12 13 14 15 16 18 19 20 21 22 23 24 25 26 27 28 29 31 32 33 36 37 38 40 41 43 44 45 47 48 49 51 52 54 
Interval 372: 0 1 2 3 4 5 6 7 8 9 10 11 12 13 14 15 16 17 18 19 20 21 22 23 24 25 26 27 28 29 30 31 32 34 35 36 37 38 39 40 41 42 43 46 48 49 51 52 53 54 
Interval 373: 0 1 2 3 4 5 6 7 8 9 10 11 12 13 14 15 16 17 18 19 20 21 22 23 24 26 27 28 29 30 31 33 34 35 36 37 38 40 41 42 43 46 49 52 53 
Interval 374: 0 1 2 3 4 5 6 7 8 9 10 11 12 13 14 15 16 17 18 19 20 21 22 23 24 25 27 28 29 30 31 32 34 35 37 39 40 42 43 44 45 47 48 49 51 53 
Interval 375: 0 1 2 3 4 5 6 7 8 9 10 11 12 13 14 15 16 17 18 19 20 21 22 23 24 25 26 27 28 29 31 32 34 35 37 38 39 40 42 43 44 45 46 48 50 51 52 53 
Interval 376: 0 1 2 3 4 5 6 7 8 9 10 11 12 13 14 15 16 17 18 19 20 21 22 23 24 25 26 27 28 29 30 31 32 34 35 36 37 38 40 42 43 45 46 48 49 50 51 52 
Interval 377: 0 1 2 3 4 5 6 7 8 9 10 11 12 13 14 15 16 17 18 19 20 21 22 23 24 25 26 27 28 29 30 31 32 34 36 37 38 39 40 41 42 44 45 46 47 49 50 52 
Interval 378: 0 1 2 3 4 5 6 7 8 9 10 11 12 13 14 15 16 17 18 19 20 21 22 23 24 25 27 28 29 30 31 32 33 36 37 38 39 40 41 43 44 45 46 48 49 50 51 52 
Interval 379: 0 1 2 3 4 5 6 7 8 9 10 11 12 13 14 15 16 17 18 19 20 21 23 24 25 27 28 29 31 32 33 34 35 36 37 38 39 41 43 46 47 48 51 
Interval 380: 0 1 2 3 4 5 6 7 8 9 10 11 12 13 14 15 16 17 18 19 20 21 22 23 24 26 27 28 29 30 31 33 34 35 36 37 38 39 40 41 43 45 47 48 51 
Interval 381: 0 1 2 3 4 5 6 7 8 9 10 11 12 13 14 15 16 18 19 20 21 22 24 25 26 27 28 29 31 33 36 37 39 40 41 42 43 44 45 48 49 50 51 
Interval 382: 0 1 2 3 4 5 6 7 8 9 10 11 12 13 14 15 16 17 18 19 20 21 22 23 25 26 27 28 29 30 31 32 34 36 37 38 39 40 41 42 44 45 46 50 
Interval 383: 0 1 2 3 4 5 6 7 8 9 10 11 12 13 14 15 16 17 18 19 20 22 24 26 27 28 29 30 31 32 33 34 37 38 40 45 48 49 50 
Interval 384: 0 1 2 3 4 5 6 7 8 9 10 11 12 13 14 15 16 17 18 19 20 21 22 23 24 26 27 28 29 30 32 33 34 36 37 39 40 42 43 44 46 48 49 50 
Interval 385: 0 1 2 3 4 5 6 7 8 9 10 11 12 13 14 15 16 17 18 19 20 21 22 23 24 25 26 27 28 30 31 32 33 34 36 37 38 39 41 42 43 44 45 47 49 
Interval 386: 0 1 2 3 4 5 6 7 8 9 10 11 12 13 14 15 16 17 18 20 21 22 23 24 25 26 27 28 30 32 33 34 35 36 37 41 42 43 44 45 47 48 49 
Interval 387: 0 1 2 3 4 5 6 7 8 9 10 11 12 13 14 15 17 18 19 20 21 22 23 25 26 27 28 29 30 31 34 35 36 37 38 40 41 43 44 45 47 48 49 
Interval 388: 0 1 2 3 4 5 6 7 8 9 10 11 12 13 14 15 16 17 18 19 20 21 22 23 24 25 26 27 28 30 31 32 33 34 35 36 37 38 39 40 42 44 47 48 
Interval 389: 0 1 2 3 4 5 6 7 8 9 10 11 12 13 14 15 16 17 18 19 20 21 22 23 24 26 27 28 29 31 32 33 34 35 36 37 40 41 42 43 44 45 46 47 48 
Interval 390: 0 1 2 3 4 5 6 7 8 9 10 11 12 13 14 15 16 17 18 19 20 21 22 24 25 26 27 28 30 31 32 33 34 35 37 39 40 41 42 44 45 47 48 
Interval 391: 0 1 2 3 4 5 6 7 8 9 10 11 12 13 14 15 16 17 18 19 20 21 22 23 24 25 26 27 28 29 31 33 34 35 37 39 40 41 43 45 46 47 
Interval 392: 0 1 2 3 4 5 6 7 8 9 10 11 12 13 14 15 16 17 18 19 21 22 23 24 25 26 27 28 29 30 31 32 33 34 35 36 38 39 42 43 44 45 47 
Interval 393: 0 1 2 3 4 5 6 7 8 9 10 11 12 13 14 15 16 17 18 19 20 21 22 23 24 25 26 29 31 32 33 34 35 36 38 40 41 42 43 44 45 46 47 
Interval 394: 0 1 2 3 4 5 6 7 8 9 10 11 12 13 14 15 16 17 18 19 20 21 22 23 24 25 26 27 28 29 30 31 32 33 35 37 38 39 40 41 42 43 44 46 
Interval 395: 0 1 2 3 4 5 6 7 8 9 10 11 12 13 14 15 16 17 18 19 20 21 22 23 24 25 26 27 28 29 30 31 32 33 34 35 36 37 38 39 40 41 42 43 45 46 
Interval 396: 0 1 2 3 4 5 6 7 8 9 10 11 12 13 14 15 16 17 18 19 20 21 22 23 25 26 27 28 30 32 33 34 35 36 37 38 39 40 41 42 43 44 45 46 
Interval 397: 0 1 2 3 4 5 6 7 8 9 10 11 12 13 14 15 16 17 18 19 20 21 22 23 24 25 26 27 28 29 30 31 32 33 35 36 37 38 39 41 44 45 
Interval 398: 0 1 2 3 4 5 6 7 8 9 10 11 12 14 15 16 17 18 19 20 21 22 23 24 25 28 29 30 31 33 34 36 37 39 40 41 42 44 45 
Interval 399: 0 1 2 3 4 5 6 7 8 9 10 11 13 14 15 16 17 18 19 20 21 22 23 26 27 28 29 30 31 32 33 34 35 37 38 39 40 41 42 43 44 45 
Interval 400: 0 1 2 3 4 5 6 7 8 9 10 11 12 13 14 15 16 17 18 19 21 22 24 25 26 27 28 29 30 33 34 35 36 37 39 43 44 
Interval 401: 0 1 2 3 4 5 6 7 8 9 10 11 12 13 14 15 17 18 19 20 21 22 23 25 26 27 28 29 30 31 35 36 37 38 39 40 41 43 44 
Interval 402: 0 1 2 3 4 5 6 7 8 9 10 11 12 13 14 15 16 17 18 19 20 21 22 23 24 26 27 28 29 30 31 32 34 35 37 38 40 41 42 43 44 
Interval 403: 0 1 2 3 4 5 6 7 8 9 10 11 12 13 14 15 16 17 18 19 20 21 22 23 24 26 28 29 30 31 32 33 34 35 36 37 38 40 41 42 43 
Interval 404: 0 1 2 3 4 5 6 7 8 9 10 11 12 13 14 15 16 17 18 19 20 21 22 23 24 25 26 27 28 29 31 32 33 35 37 39 41 42 43 
Interval 405: 0 1 2 3 4 5 6 7 8 9 10 11 12 14 15 16 17 18 19 20 21 23 24 25 28 29 30 31 33 34 35 36 38 39 40 42 43 
Interval 406: 0 1 2 3 4 5 6 7 8 9 10 11 12 13 14 15 16 17 18 19 20 21 22 23 24 25 26 27 28 29 31 32 33 34 35 37 39 40 41 42 
Interval 407: 0 1 2 3 4 5 6 7 8 9 10 11 12 13 14 15 16 17 18 19 20 21 22 23 24 25 26 27 28 29 30 31 32 33 34 35 36 38 39 41 42 
Interval 408: 0 1 2 3 4 5 6 7 8 9 10 11 12 13 14 15 16 17 18 19 20 21 22 24 25 26 27 28 31 32 33 34 35 36 38 41 42 
Interval 409: 0 1 2 3 4 5 6 7 8 9 10 11 12 13 14 15 16 17 18 19 20 21 22 23 24 25 26 27 28 29 32 33 34 35 36 38 40 41 
Interval 410: 0 1 2 3 4 5 6 7 8 9 10 11 12 13 14 15 16 17 18 19 20 21 22 23 24 25 26 28 29 30 31 32 34 35 36 37 38 40 41 
Interval 411: 0 1 2 3 4 5 6 7 8 9 10 11 12 13 14 15 16 17 18 19 20 21 22 23 24 25 26 28 29 30 31 32 33 34 36 37 38 40 41 
Interval 412: 0 1 2 3 4 5 6 7 8 9 10 11 12 13 14 15 16 17 18 19 20 21 22 23 25 26 27 28 29 30 32 33 34 36 38 39 40 
Interval 413: 0 1 2 3 4 5 6 7 8 9 10 11 12 13 14 15 16 17 18 19 20 21 23 24 25 26 27 29 30 31 32 33 34 35 36 37 38 39 40 
Interval 414: 0 1 2 3 4 5 6 7 8 9 10 11 12 13 14 15 16 17 18 19 20 21 22 23 24 25 27 28 29 30 31 32 34 36 37 39 40 
Interval 415: 0 1 2 3 4 5 6 7 8 9 10 11 12 13 14 15 17 18 19 20 21 22 23 25 26 27 28 29 30 31 35 36 37 38 39 
Interval 416: 0 1 2 3 4 5 6 7 8 9 10 11 12 13 14 15 16 17 18 19 20 21 22 23 24 25 26 27 29 30 32 33 34 35 36 37 38 39 
Interval 417: 0 1 2 3 4 5 6 7 8 9 10 11 12 13 14 15 16 17 18 19 20 21 22 23 24 25 26 27 28 29 30 31 32 33 34 35 36 37 38 39 
Interval 418: 0 1 2 3 4 5 6 7 8 9 10 12 13 14 15 16 17 18 19 20 21 22 24 25 26 27 28 29 30 31 33 34 36 38 
Interval 419: 0 1 2 3 4 5 6 7 8 9 10 11 12 13 14 15 16 17 18 19 20 21 22 23 24 25 26 27 28 29 30 32 33 34 35 36 38 
Interval 420: 0 1 2 3 4 5 6 7 8 9 10 11 12 13 14 15 16 17 18 19 20 22 23 24 25 26 27 28 29 30 32 34 36 37 38 
Interval 421: 0 1 2 3 4 5 6 7 8 9 10 11 12 13 14 15 16 17 18 19 20 21 22 23 24 25 26 27 28 29 30 31 32 33 34 35 36 37 
Interval 422: 0 1 2 3 4 5 6 7 8 9 10 11 12 13 14 15 16 17 20 21 22 23 24 25 26 27 28 29 31 32 33 35 37 
Interval 423: 0 1 2 3 4 5 6 7 8 9 10 11 12 13 14 15 16 17 18 19 20 21 22 23 24 25 27 29 30 31 33 34 35 36 37 
Interval 424: 0 1 2 3 4 5 6 7 8 9 10 11 12 13 14 15 16 17 18 19 20 21 22 23 24 25 26 27 28 29 31 32 33 34 35 36 
Interval 425: 0 1 2 3 4 5 6 7 8 9 10 11 12 13 14 15 16 17 18 19 20 21 22 23 24 25 26 28 29 30 31 32 33 34 35 36 
Interval 426: 0 1 2 3 4 5 6 7 8 9 10 11 12 13 14 15 16 17 18 19 20 21 22 23 24 25 27 29 30 32 33 35 36 
Interval 427: 0 1 2 3 4 5 6 7 8 9 10 11 12 13 14 15 16 17 18 19 20 21 23 24 25 26 28 29 30 31 32 33 35 
Interval 428: 0 1 2 3 4 5 6 7 8 9 10 11 12 13 14 15 16 17 18 19 20 21 22 23 24 25 26 27 28 29 30 31 32 33 34 35 
Interval 429: 0 1 2 3 4 5 6 7 8 9 10 11 12 13 14 15 16 17 18 19 20 21 22 24 25 26 27 28 29 30 31 33 34 
Interval 430: 0 1 2 3 4 5 6 7 8 9 10 11 12 13 14 15 16 17 18 19 20 21 22 23 24 25 27 28 29 30 31 32 34 
Interval 431: 0 1 2 3 4 5 6 7 8 9 10 11 12 13 14 15 16 17 18 19 20 21 22 23 24 25 26 28 29 30 31 32 33 34 
Interval 432: 0 1 2 3 4 5 6 7 8 9 10 11 12 13 14 15 16 17 18 19 20 21 22 23 24 25 26 27 28 29 30 31 32 33 
Interval 433: 0 1 2 3 4 5 6 7 8 9 10 11 12 13 14 15 16 17 18 19 20 21 22 23 24 25 26 28 29 30 31 32 33 
Interval 434: 0 1 2 3 4 5 6 7 8 9 10 11 12 13 14 15 16 17 18 19 20 21 22 23 24 25 26 27 28 29 30 31 32 33 
Interval 435: 0 1 2 3 4 5 6 7 8 9 10 11 12 13 14 15 16 17 19 20 21 22 23 24 26 28 30 31 32 
Interval 436: 0 1 2 3 4 5 6 7 8 9 10 11 12 13 14 15 16 17 18 19 20 21 22 25 27 28 30 31 32 
Interval 437: 0 1 2 3 4 5 6 7 8 9 10 11 12 13 14 15 16 17 18 19 20 21 23 24 25 26 27 28 29 30 31 32 
Interval 438: 0 1 2 3 4 5 6 7 8 9 10 11 12 13 14 15 16 17 18 19 20 21 22 23 25 26 27 28 29 30 31 
Interval 439: 0 1 2 3 4 5 6 7 8 9 10 11 12 13 14 15 16 17 18 19 20 21 22 23 24 25 26 27 28 29 31 
Interval 440: 0 1 2 3 4 5 6 7 8 9 10 11 12 13 14 15 16 17 18 19 20 21 22 23 24 25 26 27 28 30 31 
Interval 441: 0 1 2 3 4 5 6 7 8 9 10 11 12 13 14 15 16 17 18 19 21 22 23 24 25 26 27 28 29 30 
Interval 442: 0 1 2 3 4 5 6 7 8 9 10 11 12 13 14 15 16 17 18 19 20 21 22 23 24 25 26 27 29 30 
Interval 443: 0 1 2 3 4 5 6 7 8 9 10 11 12 13 14 15 16 17 18 19 20 21 22 23 24 25 26 28 29 30 
Interval 444: 0 1 2 3 4 5 6 7 8 9 10 11 12 13 14 15 16 17 18 19 20 21 22 23 24 25 26 27 28 29 
Interval 445: 0 1 2 3 4 5 6 7 8 9 10 11 12 13 14 15 16 17 18 19 20 21 22 23 24 25 26 27 29 
Interval 446: 0 1 2 3 4 5 6 7 8 9 10 11 12 13 14 15 16 17 18 19 20 22 23 25 26 28 29 
Interval 447: 0 1 2 3 4 5 6 7 8 9 10 11 12 13 14 15 16 17 18 19 20 21 22 23 24 25 26 27 28 
Interval 448: 0 1 2 3 4 5 6 7 8 9 10 11 12 13 14 15 16 17 18 19 20 21 22 23 24 26 27 28 
Interval 449: 0 1 2 3 4 5 6 7 8 9 10 11 12 13 14 15 16 17 18 19 20 22 23 24 26 27 
Interval 450: 0 1 2 3 4 5 6 7 8 9 10 11 12 13 14 15 16 17 18 19 20 21 22 23 26 27 
Interval 451: 0 1 2 3 4 5 6 7 8 9 10 11 12 13 14 15 16 17 18 19 20 22 23 24 25 26 27 
Interval 452: 0 1 2 3 4 5 6 7 8 9 10 11 12 13 14 15 16 18 19 20 21 22 23 24 25 26 
Interval 453: 0 1 2 3 4 5 6 7 8 9 10 11 12 13 14 15 16 17 18 19 20 22 23 24 25 26 
Interval 454: 0 1 2 3 4 5 6 7 8 9 10 11 12 13 14 15 16 17 18 19 20 21 22 23 24 25 26 
Interval 455: 0 1 2 3 4 5 6 7 8 9 10 11 12 13 14 15 16 17 18 19 20 21 22 23 24 25 
Interval 456: 0 1 2 3 4 5 6 7 8 9 10 11 12 13 14 15 16 17 18 19 20 22 23 24 25 
Interval 457: 0 1 2 3 4 5 6 7 8 9 10 11 12 13 14 15 16 17 18 19 20 22 23 24 25 
Interval 458: 0 1 2 3 4 5 6 7 8 9 11 12 13 14 15 16 17 18 19 22 23 24 
Interval 459: 0 1 2 3 4 5 6 7 8 9 10 11 12 13 14 15 16 17 18 19 20 21 22 23 24 
Interval 460: 0 1 2 3 4 5 6 7 8 9 10 11 12 13 14 15 16 17 18 19 20 21 22 23 
Interval 461: 0 1 2 3 4 5 6 7 8 9 10 11 12 13 14 15 16 17 19 20 21 22 23 
Interval 462: 0 1 2 3 4 5 6 7 8 9 10 11 12 13 14 15 16 17 18 21 22 23 
Interval 463: 0 1 2 3 4 5 6 7 8 9 10 11 12 13 14 15 16 17 18 19 20 21 22 
Interval 464: 0 1 2 3 4 5 6 7 8 9 10 11 12 13 14 15 16 17 18 19 20 21 22 
Interval 465: 0 1 2 3 4 5 6 7 8 9 10 11 12 13 14 15 16 17 18 19 20 21 22 
Interval 466: 0 1 2 3 4 5 6 7 8 9 10 11 12 13 14 15 16 17 18 19 20 21 
Interval 467: 0 1 2 3 4 5 6 7 8 9 10 11 12 13 14 15 16 17 18 19 20 21 
Interval 468: 0 1 2 3 4 5 6 7 8 9 10 11 12 13 14 15 17 18 19 20 21 
Interval 469: 0 1 2 3 4 5 6 7 8 9 10 11 12 13 14 15 16 17 18 19 20 
Interval 470: 0 1 2 3 4 5 6 7 8 9 10 11 12 13 14 15 16 17 18 19 20 
Interval 471: 0 1 2 3 4 5 6 7 8 9 10 11 12 13 14 15 16 17 18 19 
Interval 472: 0 1 2 3 4 5 6 7 8 9 10 11 12 13 14 15 16 17 18 19 
Interval 473: 0 1 2 3 4 5 6 7 8 9 10 11 12 13 14 15 16 17 18 19 
Interval 474: 0 1 2 3 4 5 6 7 8 9 10 11 12 13 14 15 16 18 
Interval 475: 0 1 2 3 4 5 6 7 8 9 10 11 12 13 15 16 17 18 
Interval 476: 0 1 2 3 4 5 6 7 8 9 10 11 12 13 14 16 17 18 
Interval 477: 0 1 2 3 4 5 6 7 8 9 10 11 12 13 14 15 16 17 
Interval 478: 0 1 2 3 4 5 6 7 8 9 10 11 12 13 14 15 16 17 
Interval 479: 0 1 2 3 4 5 6 7 8 9 10 11 13 14 15 16 
Interval 480: 0 1 2 3 4 5 6 7 8 9 10 11 12 13 14 15 16 
Interval 481: 0 1 2 3 4 5 6 7 8 9 10 11 12 13 14 15 16 
Interval 482: 0 1 2 3 4 5 6 7 8 9 10 11 12 13 14 15 
Interval 483: 0 1 2 3 4 5 6 7 8 9 10 11 12 13 14 15 
Interval 484: 0 1 2 3 4 5 6 7 8 9 10 11 12 13 14 
Interval 485: 0 1 2 3 4 5 6 7 8 9 10 11 12 13 14 
Interval 486: 0 1 2 3 4 5 6 7 8 9 10 11 12 13 14 
Interval 487: 0 1 2 3 4 5 6 7 8 9 10 11 12 13 
Interval 488: 0 1 2 3 4 5 6 7 8 9 10 11 12 13 
Interval 489: 0 1 2 3 4 5 6 7 8 9 10 11 12 13 
Interval 490: 0 1 2 3 4 5 6 7 8 9 10 11 12 
Interval 491: 0 1 2 3 4 5 6 7 8 9 10 11 12 
Interval 492: 0 1 2 3 4 5 6 7 8 9 10 11 
Interval 493: 0 1 2 3 4 5 6 7 8 9 10 11 
Interval 494: 0 1 2 3 4 5 6 7 8 9 10 11 
Interval 495: 0 1 2 3 4 5 6 7 8 9 10 
Interval 496: 0 1 2 3 4 5 6 7 8 9 10 
Interval 497: 0 1 2 3 4 5 6 7 8 9 
Interval 498: 0 1 2 3 4 5 6 7 8 9 
Interval 499: 0 1 2 3 4 5 6 7 8 
Interval 500: 0 1 2 3 4 5 6 7 8 
Interval 501: 0 1 2 3 4 5 6 7 8 
Interval 502: 0 1 2 3 4 5 6 7 
Interval 503: 0 1 2 3 4 5 6 7 
Interval 504: 0 1 2 3 4 5 6 
Interval 505: 0 1 2 3 4 5 6 
Interval 506: 0 1 2 3 4 5 
Interval 507: 0 1 2 3 4 5 
Interval 508: 0 1 2 3 4 5 
Interval 509: 0 1 2 3 4 
Interval 510: 0 1 2 3 4 
Interval 511: 0 1 2 3 
Interval 512: 0 1 2 3 
Interval 513: 0 1 2 
Interval 514: 0 1 2 
Interval 515: 0 1 
Interval 516: 0 1 
