Interval 1: 0 1 2 3 4 5 6 7 8 9 10 11 12 13 14 15 
Interval 2: 15 16 17 18 19 20 21 22 23 24 25 26 27 28 29 30 31 
Interval 3: 31 32 33 34 35 36 37 38 39 40 41 42 43 44 45 46 47 
Interval 4: 47 48 49 50 51 52 53 54 55 56 57 58 59 60 61 62 63 
Interval 5: 63 64 65 66 67 68 69 70 71 72 73 74 75 76 77 78 79 
Interval 6: 79 80 81 82 83 84 85 86 87 88 89 90 91 92 93 94 95 
Interval 7: 95 96 97 98 99 100 101 102 103 104 105 106 107 108 109 110 111 
Interval 8: 111 112 113 114 115 116 117 118 119 120 121 122 123 124 125 126 127 
Interval 9: 127 
Interval 10: 0 1 
Interval 11: 0 1 2 3 4 5 
Interval 12: 3 4 5 6 7 8 9 10 
Interval 13: 6 7 8 9 10 11 12 13 14 
Interval 14: 9 10 11 12 14 15 16 17 18 19 
Interval 15: 12 13 14 19 20 21 22 23 24 
Interval 16: 14 15 16 17 24 25 26 27 28 
Interval 17: 17 18 19 20 28 29 30 31 32 33 
Interval 18: 20 21 22 23 33 34 35 36 37 
Interval 19: 23 24 25 26 37 38 39 40 41 42 
Interval 20: 26 27 28 29 42 43 44 45 46 47 
Interval 21: 29 30 31 32 47 48 49 50 51 
Interval 22: 32 33 34 51 52 53 54 55 56 
Interval 23: 34 35 36 37 56 57 58 59 60 
Interval 24: 37 38 39 40 60 61 62 63 64 65 
Interval 25: 40 41 42 43 65 66 67 68 69 
Interval 26: 43 44 45 46 69 70 71 72 73 74 
Interval 27: 46 47 48 49 74 75 76 77 78 79 
Interval 28: 49 50 51 79 80 81 82 83 
Interval 29: 51 52 53 54 83 84 85 86 87 88 
Interval 30: 54 55 56 57 88 89 90 91 92 
Interval 31: 57 58 59 60 92 93 94 95 96 97 
Interval 32: 60 61 62 63 97 98 99 100 101 102 
Interval 33: 63 64 65 66 102 103 104 105 106 
Interval 34: 66 67 68 69 106 107 108 109 110 111 
Interval 35: 69 70 71 111 112 113 114 115 116 
Interval 36: 71 72 73 74 116 117 118 119 120 
Interval 37: 74 75 76 77 120 121 122 123 124 125 
Interval 38: 77 78 79 80 125 126 127 
Interval 39: 80 81 82 83 
Interval 40: 83 84 85 86 
Interval 41: 86 87 88 
Interval 42: 88 89 90 91 
Interval 43: 91 92 93 94 
Interval 44: 94 95 96 97 
Interval 45: 97 98 99 100 101 102 
Interval 46: 100 101 102 103 104 105 106 
Interval 47: 103 104 105 106 107 108 109 110 
Interval 48: 106 107 108 109 110 111 112 113 114 
Interval 49: 109 110 111 112 114 115 116 117 118 119 
Interval 50: 112 113 114 115 119 120 121 122 123 
Interval 51: 115 116 117 118 123 124 125 126 127 
Interval 52: 118 119 120 
Interval 53: 120 121 122 123 
Interval 54: 123 124 125 126 
Interval 55: 126 127 

