Interval 1: 0 1 2 3 4 5 6 7 8 9 10 11 12 13 14 15 16 17 18 19 20 21 22 23 24 25 26 27 28 29 30 31 
Interval 2: 31 32 33 34 35 36 37 38 39 40 41 42 43 44 45 46 47 48 49 50 51 52 53 54 55 56 57 58 59 60 61 62 63 
Interval 3: 63 64 65 66 67 68 69 70 71 72 73 74 75 76 77 78 79 80 81 82 83 84 85 86 87 88 89 90 91 92 93 94 95 
Interval 4: 95 96 97 98 99 100 101 102 103 104 105 106 107 108 109 110 111 112 113 114 115 116 117 118 119 120 121 122 123 124 125 126 127 
Interval 5: 0 1 127 
Interval 6: 0 1 2 3 4 5 6 7 8 9 10 
Interval 7: 6 7 8 9 10 11 12 13 14 15 16 17 18 19 
Interval 8: 12 13 14 15 16 17 19 20 21 22 23 24 25 26 27 28 
Interval 9: 17 18 19 20 21 22 23 28 29 30 31 32 33 34 35 36 37 
Interval 10: 23 24 25 26 27 28 29 37 38 39 40 41 42 43 44 45 46 47 
Interval 11: 29 30 31 32 33 34 47 48 49 50 51 52 53 54 55 56 
Interval 12: 34 35 36 37 38 39 40 56 57 58 59 60 61 62 63 64 65 
Interval 13: 40 41 42 43 44 45 46 65 66 67 68 69 70 71 72 73 74 
Interval 14: 46 47 48 49 50 51 74 75 76 77 78 79 80 81 82 83 
Interval 15: 51 52 53 54 55 56 57 83 84 85 86 87 88 89 90 91 92 
Interval 16: 57 58 59 60 61 62 63 92 93 94 95 96 97 98 99 100 101 102 
Interval 17: 63 64 65 66 67 68 69 102 103 104 105 106 107 108 109 110 111 
Interval 18: 69 70 71 72 73 74 111 112 113 114 115 116 117 118 119 120 
Interval 19: 74 75 76 77 78 79 80 120 121 122 123 124 125 126 127 
Interval 20: 80 81 82 83 84 85 86 
Interval 21: 86 87 88 89 90 91 
Interval 22: 91 92 93 94 95 96 97 
Interval 23: 97 98 99 100 101 102 103 104 105 106 
Interval 24: 103 104 105 106 107 108 109 110 111 112 113 114 
Interval 25: 109 110 111 112 113 114 115 116 117 118 119 120 121 122 123 
Interval 26: 115 116 117 118 119 120 123 124 125 126 127 
Interval 27: 120 121 122 123 124 125 126 
Interval 28: 126 127 

