Interval 1: 0 1 2 3 
Interval 2: 3 4 5 6 7 
Interval 3: 7 8 9 10 11 
Interval 4: 11 12 13 14 15 
Interval 5: 15 16 17 18 19 
Interval 6: 19 20 21 22 23 
Interval 7: 23 24 25 26 27 
Interval 8: 27 28 29 30 31 
Interval 9: 31 32 33 34 35 
Interval 10: 19 35 36 37 38 39 
Interval 11: 18 19 37 38 
Interval 12: 18 36 37 
Interval 13: 17 18 35 36 
Interval 14: 16 17 33 34 35 
Interval 15: 16 32 33 
Interval 16: 15 16 31 32 
Interval 17: 15 30 31 
Interval 18: 14 15 29 30 
Interval 19: 13 14 27 28 29 
Interval 20: 13 26 27 
Interval 21: 12 13 25 26 
Interval 22: 12 24 25 
Interval 23: 11 12 23 24 
Interval 24: 10 11 21 22 23 
Interval 25: 10 20 21 
Interval 26: 9 10 19 20 38 39 
Interval 27: 9 18 19 37 38 
Interval 28: 9 18 36 37 
Interval 29: 8 9 17 18 35 36 
Interval 30: 8 17 34 35 
Interval 31: 8 16 17 32 33 34 
Interval 32: 7 8 15 16 31 32 
Interval 33: 7 15 30 31 
Interval 34: 7 14 15 29 30 
Interval 35: 6 7 13 14 27 28 29 
Interval 36: 6 13 26 27 
Interval 37: 6 12 13 25 26 
Interval 38: 6 12 24 25 
Interval 39: 5 6 11 12 23 24 
Interval 40: 5 10 11 21 22 23 
Interval 41: 5 10 20 21 
Interval 42: 4 5 9 10 19 20 38 39 
Interval 43: 4 9 18 19 37 38 
Interval 44: 4 8 9 17 18 35 36 37 
Interval 45: 4 8 17 34 35 
Interval 46: 4 8 16 17 32 33 34 
Interval 47: 3 4 7 8 15 16 31 32 
Interval 48: 3 7 14 15 29 30 31 
Interval 49: 3 6 7 13 14 27 28 29 
Interval 50: 3 6 13 26 27 
Interval 51: 3 6 12 13 24 25 26 
Interval 52: 2 3 5 6 11 12 22 23 24 
Interval 53: 2 5 10 11 21 22 
Interval 54: 2 4 5 9 10 19 20 21 
Interval 55: 2 4 9 18 19 36 37 38 39 
Interval 56: 2 4 8 9 17 18 34 35 36 
Interval 57: 2 4 8 16 17 32 33 34 
Interval 58: 1 2 3 4 7 8 14 15 16 29 30 31 32 
Interval 59: 1 3 6 7 13 14 27 28 29 
Interval 60: 1 3 6 12 13 25 26 27 
Interval 61: 1 2 3 5 6 11 12 22 23 24 25 
Interval 62: 1 2 5 10 11 20 21 22 
Interval 63: 1 2 4 5 9 10 18 19 20 36 37 38 39 
Interval 64: 1 2 4 8 9 16 17 18 33 34 35 36 
Interval 65: 0 1 2 3 4 7 8 14 15 16 29 30 31 32 
Interval 66: 0 1 3 6 7 12 13 14 25 26 27 28 29 
Interval 67: 0 1 2 3 5 6 10 11 12 22 23 24 25 
Interval 68: 0 1 2 4 5 9 10 18 19 20 21 37 38 
Interval 69: 0 1 2 3 4 7 8 9 15 16 17 18 31 32 33 34 35 36 
Interval 70: 0 1 3 6 7 12 13 14 15 25 26 27 28 29 30 31 
Interval 71: 0 1 2 3 4 5 6 9 10 11 12 19 20 21 22 23 24 38 39 
Interval 72: 0 1 2 3 4 7 8 9 14 15 16 17 18 19 28 29 30 31 32 33 34 35 36 37 38 
Interval 73: 0 1 2 3 4 5 6 9 10 11 12 13 18 19 20 21 22 23 24 26 27 36 37 
Interval 74: 0 1 2 3 4 5 6 7 8 9 10 11 12 13 14 15 16 17 18 19 21 22 23 24 25 26 27 29 31 32 33 34 35 36 38 
Interval 75: 0 1 2 3 4 5 6 7 8 9 10 11 12 13 14 15 16 17 18 19 20 23 24 26 29 30 32 35 36 37 38 
Interval 76: 0 1 2 3 4 5 6 7 8 9 10 11 13 14 15 16 17 18 19 20 22 26 27 28 29 30 31 32 35 37 38 39 
Interval 77: 0 1 2 3 4 5 6 7 8 9 10 12 13 14 15 16 17 18 19 20 24 28 29 30 31 32 35 36 37 39 
Interval 78: 0 1 2 3 4 5 6 7 8 9 10 11 13 14 15 16 17 18 19 20 23 26 29 30 33 34 35 36 37 38 
Interval 79: 0 1 2 3 4 5 6 7 8 9 10 11 12 13 14 15 17 19 21 23 25 27 28 31 34 35 38 
Interval 80: 0 1 2 3 4 5 6 7 8 9 11 12 13 14 15 16 18 23 24 25 26 27 28 29 30 32 33 37 38 
Interval 81: 0 1 2 3 4 5 6 7 8 9 10 11 13 14 15 16 17 18 20 21 27 28 33 34 35 36 38 
Interval 82: 0 1 2 3 4 5 6 7 8 9 10 11 12 13 14 15 16 18 19 22 24 25 27 28 29 30 32 33 36 38 
Interval 83: 0 1 2 3 4 5 6 7 8 9 10 11 12 14 15 16 17 18 19 21 23 24 25 30 32 34 35 36 37 38 
Interval 84: 0 1 2 3 4 5 6 7 8 9 10 11 12 14 15 16 17 18 19 20 21 23 24 29 30 32 33 36 37 38 
Interval 85: 0 1 2 3 4 5 6 7 8 9 10 13 14 15 17 18 19 26 27 29 31 34 36 37 38 
Interval 86: 0 1 2 3 4 5 6 7 8 9 11 12 13 14 15 16 17 18 19 22 24 27 28 30 31 32 33 34 35 36 38 
Interval 87: 0 1 2 3 4 5 6 7 8 9 10 11 12 13 14 16 17 18 19 20 21 22 23 25 29 32 33 34 35 36 37 38 
Interval 88: 0 1 2 3 4 5 6 7 8 9 11 13 14 15 16 17 22 23 29 30 31 32 33 34 35 38 
Interval 89: 0 1 2 3 4 5 6 7 8 9 10 11 12 13 14 15 16 17 18 20 21 23 24 26 28 29 30 32 34 35 36 37 38 
Interval 90: 0 1 2 3 4 5 7 8 9 10 14 15 16 17 18 19 20 21 28 29 30 31 32 34 35 37 38 
Interval 91: 0 1 2 3 4 5 6 7 8 9 10 11 12 13 14 15 16 17 18 19 21 22 23 25 26 28 29 30 31 32 33 34 37 38 
Interval 92: 0 1 2 3 4 5 6 7 8 9 10 11 13 14 16 17 18 19 20 21 23 26 33 35 36 37 38 
Interval 93: 0 1 2 3 4 5 6 7 8 9 11 13 14 15 16 17 19 22 23 27 28 29 33 34 38 
Interval 94: 0 1 2 3 4 5 6 7 8 9 10 12 13 15 16 17 19 21 24 26 27 31 34 35 38 
Interval 95: 0 1 2 3 4 5 6 7 8 9 10 11 12 13 14 15 16 17 18 21 23 27 28 31 33 34 35 36 38 
Interval 96: 0 1 2 3 4 5 6 7 8 9 11 12 13 14 15 16 17 18 19 22 23 24 26 27 29 30 32 33 34 36 38 
Interval 97: 0 1 2 3 4 5 6 7 8 9 10 11 13 14 15 16 17 18 19 21 22 23 26 27 28 29 31 33 34 37 38 
Interval 98: 0 1 2 3 4 5 6 7 8 9 10 11 12 15 16 17 18 19 21 22 24 25 30 32 33 36 38 
Interval 99: 0 1 2 3 4 5 6 7 8 9 10 11 12 13 14 15 16 18 19 20 22 25 26 27 28 29 30 32 36 37 38 
Interval 100: 0 1 2 3 4 5 6 7 8 9 10 11 12 13 14 17 18 19 20 22 24 25 27 28 29 34 35 38 
Interval 101: 0 1 2 3 4 5 6 7 8 9 10 11 12 14 15 16 17 18 21 22 24 25 28 29 30 31 34 35 36 37 38 
Interval 102: 0 1 2 3 4 5 6 7 8 9 10 11 13 14 15 16 17 18 19 20 21 22 23 26 28 29 30 32 35 37 38 
Interval 103: 0 1 2 3 4 5 6 7 8 9 10 11 12 13 14 15 16 17 18 19 20 21 22 23 24 26 27 29 32 33 35 37 38 
Interval 104: 0 1 2 3 4 5 6 8 9 10 11 12 13 16 17 18 19 21 22 25 26 32 34 35 36 37 38 
Interval 105: 0 1 2 3 4 5 6 7 8 9 11 12 13 14 15 16 17 19 23 25 26 27 29 30 31 32 33 34 35 37 38 
Interval 106: 0 1 2 3 4 5 6 7 8 9 10 11 12 13 14 15 16 17 18 20 23 24 26 27 28 29 31 32 34 37 
Interval 107: 0 1 2 3 4 5 6 7 8 9 10 11 12 13 15 16 17 18 19 22 23 24 27 30 32 33 34 35 36 37 
Interval 108: 0 1 2 3 4 5 6 7 8 9 10 11 12 13 15 16 17 18 19 22 23 24 25 27 32 33 35 36 37 
Interval 109: 0 1 2 3 4 5 6 7 8 9 10 11 12 14 15 16 17 18 19 22 23 24 29 30 33 34 35 37 
Interval 110: 0 1 2 3 4 5 6 8 9 11 12 13 16 17 18 19 23 24 25 26 34 35 36 37 
Interval 111: 0 1 2 3 4 5 6 7 8 9 10 11 12 13 14 15 16 17 18 19 21 23 25 26 30 33 35 36 37 
Interval 112: 0 1 2 3 4 5 6 7 8 9 10 12 13 14 15 16 17 18 19 21 24 25 26 28 29 30 32 34 35 37 
Interval 113: 0 1 2 3 4 5 6 7 8 9 10 11 12 13 14 15 17 19 20 22 26 28 29 30 31 34 37 
Interval 114: 0 1 2 3 4 5 6 7 8 9 10 11 12 13 14 16 17 18 19 20 21 22 24 25 26 28 29 34 35 36 37 
Interval 115: 0 1 2 3 4 5 6 7 8 9 10 11 13 14 15 16 17 19 21 22 26 27 28 29 30 32 33 35 37 
Interval 116: 0 1 2 3 4 5 6 7 8 9 10 11 12 13 15 16 17 19 20 22 23 24 26 30 31 32 35 37 
Interval 117: 0 1 2 3 4 5 6 7 8 9 11 12 13 14 15 16 17 18 19 22 24 25 26 27 29 30 31 33 34 37 
Interval 118: 0 1 2 3 4 5 6 7 8 9 10 11 12 13 14 15 17 18 19 21 22 23 24 25 27 29 30 31 34 36 37 
Interval 119: 0 1 2 3 4 5 6 7 8 9 10 11 12 13 14 15 16 17 18 20 23 25 27 28 29 30 31 32 33 35 36 37 
Interval 120: 0 1 2 3 4 5 6 7 9 10 11 12 14 15 18 19 21 22 23 24 30 37 
Interval 121: 0 1 2 3 4 5 6 7 8 9 10 11 13 14 15 17 18 19 20 21 22 26 27 29 31 34 35 36 37 
Interval 122: 0 1 2 3 4 5 6 7 8 9 10 11 12 13 14 15 17 18 20 23 26 28 30 31 35 36 37 
Interval 123: 0 1 2 3 4 5 6 7 8 9 10 11 12 13 14 15 17 18 19 20 21 22 24 25 28 30 34 35 37 
Interval 124: 0 1 2 3 4 5 6 7 8 9 10 11 12 14 16 17 19 20 21 23 24 25 29 32 35 37 
Interval 125: 0 1 2 3 4 5 6 7 8 9 10 11 12 13 14 15 16 17 18 20 22 23 24 26 28 29 32 33 35 36 37 
Interval 126: 0 1 2 3 4 5 6 7 8 9 10 11 12 13 14 15 16 17 18 21 22 24 26 28 29 30 31 33 35 36 37 
Interval 127: 0 1 2 3 4 5 6 7 8 9 10 11 12 13 14 15 16 17 18 19 21 22 24 27 28 29 30 31 32 34 35 37 
Interval 128: 0 1 2 3 4 5 6 7 8 9 10 11 12 15 17 18 19 20 21 22 23 25 31 35 37 
Interval 129: 0 1 2 3 4 5 6 7 8 9 10 11 12 13 14 15 17 18 20 21 23 25 26 28 29 30 31 35 36 37 
Interval 130: 0 1 2 3 4 5 6 7 8 9 10 12 14 15 16 17 18 20 21 25 28 31 32 34 35 36 37 
Interval 131: 0 1 2 3 4 5 6 7 8 9 10 11 13 14 15 16 17 18 19 21 22 26 30 31 32 34 35 36 37 
Interval 132: 0 1 2 3 4 5 6 7 8 9 10 11 12 15 16 18 19 20 21 23 24 25 30 31 33 36 37 
Interval 133: 0 1 2 3 4 5 6 7 8 9 11 13 14 15 16 17 18 19 22 27 28 29 31 32 34 35 36 
Interval 134: 0 1 2 3 4 5 6 7 8 9 10 11 12 13 14 15 16 17 18 19 20 23 24 25 26 27 28 29 33 34 35 36 
Interval 135: 0 1 2 3 4 5 6 7 8 9 10 11 12 15 16 17 18 19 20 24 30 31 33 34 35 36 
Interval 136: 0 1 2 3 4 5 6 8 9 10 11 12 13 17 18 19 20 22 24 25 26 34 36 
Interval 137: 0 1 2 3 4 5 6 7 8 9 10 11 12 13 15 16 17 19 20 21 23 25 26 27 31 32 35 36 
Interval 138: 0 1 2 3 4 5 6 7 8 9 10 11 12 13 14 15 16 17 18 19 21 23 24 25 26 27 29 31 32 35 36 
Interval 139: 0 1 2 3 4 5 6 7 8 9 10 11 12 13 15 16 17 18 20 21 22 26 27 30 32 36 
Interval 140: 0 1 2 3 4 5 6 7 8 9 10 11 12 14 16 17 18 19 22 24 29 33 36 
Interval 141: 0 1 2 3 4 5 6 7 8 9 10 11 12 14 15 16 17 18 20 21 22 23 24 28 30 31 34 35 36 
Interval 142: 0 1 2 3 4 5 6 7 8 9 11 12 13 14 15 16 17 18 19 22 23 24 26 27 28 30 33 36 
Interval 143: 0 1 2 3 4 5 6 7 8 9 10 12 13 14 15 18 19 20 21 24 25 26 28 30 36 
Interval 144: 0 1 2 3 4 5 6 7 8 9 10 11 12 13 14 16 17 18 21 22 25 27 29 33 34 35 36 
Interval 145: 0 1 2 3 4 5 6 7 8 9 10 12 13 14 15 16 17 18 19 21 24 25 27 31 33 34 36 
Interval 146: 0 1 2 3 4 5 6 7 8 9 10 11 12 13 14 15 16 17 19 21 23 25 26 27 28 29 31 32 33 36 
Interval 147: 0 1 2 3 4 5 6 7 8 9 10 11 13 15 16 17 18 19 20 22 23 26 27 30 32 33 34 35 36 
Interval 148: 0 1 2 3 4 5 6 7 8 9 12 13 14 15 16 17 19 24 25 27 28 29 30 33 34 36 
Interval 149: 0 1 2 3 4 5 6 7 8 9 10 12 13 14 15 16 17 18 19 21 24 27 29 31 32 34 35 36 
Interval 150: 0 1 2 3 4 5 6 7 8 9 10 11 12 13 14 15 16 17 18 19 23 24 26 27 29 30 31 32 33 35 36 
Interval 151: 0 1 2 3 4 5 6 7 8 9 10 11 12 13 14 15 16 17 19 21 22 24 25 27 28 30 33 34 35 36 
Interval 152: 0 1 2 3 4 5 6 7 8 9 10 11 12 13 14 15 17 18 19 20 21 23 24 27 28 30 31 34 35 36 
Interval 153: 0 1 2 3 4 5 6 7 8 9 10 11 13 14 15 16 17 18 20 22 26 27 29 31 32 33 34 36 
Interval 154: 0 1 2 3 4 5 6 7 8 9 10 11 12 13 14 15 16 17 19 20 21 22 23 24 27 29 30 32 35 36 
Interval 155: 0 1 2 3 4 5 6 7 8 9 10 11 12 13 14 15 16 17 18 20 21 23 24 26 27 28 30 31 32 33 35 36 
Interval 156: 0 1 2 3 4 5 6 7 8 9 10 11 12 13 14 15 16 17 18 21 22 25 26 29 30 31 32 34 35 36 
Interval 157: 0 1 2 3 4 5 6 7 8 9 10 11 12 13 14 15 17 18 21 22 24 25 28 29 30 31 35 36 
Interval 158: 0 1 2 3 4 5 6 7 8 9 11 12 13 14 15 16 17 18 19 22 23 25 26 27 28 29 31 33 34 36 
Interval 159: 0 1 2 3 4 5 6 7 8 9 10 11 12 13 14 15 16 17 18 20 21 22 27 28 31 32 35 36 
Interval 160: 0 1 2 3 4 5 6 7 8 9 10 11 12 13 14 15 16 17 19 21 22 24 26 27 28 31 33 34 35 36 
Interval 161: 0 1 2 3 4 5 6 7 8 9 10 11 12 13 14 15 16 17 18 19 21 23 24 25 27 29 35 
Interval 162: 0 1 2 3 4 5 6 7 8 9 10 11 12 13 14 15 16 17 18 20 21 23 26 27 28 32 34 35 
Interval 163: 0 1 2 3 4 5 6 7 8 9 10 11 12 13 14 15 16 17 18 19 20 21 23 24 27 29 30 32 33 35 
Interval 164: 0 1 2 3 4 5 6 7 8 9 10 11 12 13 15 16 17 18 19 20 21 22 25 26 30 32 34 35 
Interval 165: 0 1 2 3 4 5 6 7 8 9 10 11 12 13 14 15 17 19 20 21 23 25 27 34 35 
Interval 166: 0 1 2 3 4 5 6 7 8 9 10 11 13 14 15 16 18 19 21 22 26 28 30 31 32 35 
Interval 167: 0 1 2 3 4 5 6 7 8 9 10 12 13 14 15 16 17 18 20 27 28 29 32 34 35 
Interval 168: 0 1 2 3 4 5 6 7 8 9 10 11 12 13 14 15 16 18 19 20 22 24 26 27 29 31 33 35 
Interval 169: 0 1 2 3 4 5 6 7 8 9 10 11 12 13 15 16 17 18 21 22 23 24 26 27 31 32 34 35 
Interval 170: 0 1 2 3 4 5 6 7 8 9 10 11 12 13 14 15 16 18 19 20 22 23 25 26 29 30 35 
Interval 171: 0 1 2 3 4 5 6 7 8 9 10 11 12 15 16 17 18 19 20 21 22 24 25 31 32 33 35 
Interval 172: 0 1 2 3 4 5 6 7 8 9 10 11 12 13 14 15 16 17 18 19 22 23 25 27 28 29 30 31 33 35 
Interval 173: 0 1 2 3 4 5 6 7 8 9 10 11 12 14 15 16 17 18 20 21 22 23 24 25 28 30 31 33 35 
Interval 174: 0 1 2 3 4 5 6 7 8 9 10 11 12 13 15 16 17 18 19 20 23 24 26 31 32 34 35 
Interval 175: 0 1 2 3 4 5 6 7 8 9 10 11 13 14 15 16 17 18 19 21 23 28 29 30 31 32 33 34 35 
Interval 176: 0 1 2 3 4 5 6 7 8 9 10 11 12 13 14 15 16 17 19 21 23 24 26 27 28 30 32 34 35 
Interval 177: 0 1 2 3 4 5 6 7 8 10 12 13 14 15 16 17 24 25 26 27 28 29 30 31 33 34 35 
Interval 178: 0 1 2 3 4 5 6 7 8 9 10 11 12 13 14 16 18 22 23 25 27 29 32 35 
Interval 179: 0 1 2 3 4 5 6 7 8 9 10 13 14 15 16 17 18 19 20 21 26 27 30 33 35 
Interval 180: 0 1 2 3 4 5 6 7 8 10 11 12 13 15 17 20 23 24 26 27 30 34 35 
Interval 181: 0 1 2 3 4 5 7 8 9 10 11 14 15 16 17 18 19 20 23 28 29 30 32 33 34 35 
Interval 182: 0 1 2 3 4 5 6 7 9 10 11 12 13 14 15 18 19 20 21 24 25 26 27 29 30 35 
Interval 183: 0 1 2 3 4 5 6 7 8 9 10 11 12 13 14 15 16 17 18 19 21 23 24 25 26 29 30 33 34 35 
Interval 184: 0 1 2 3 4 5 6 7 8 9 11 12 13 14 15 16 17 18 19 23 24 28 29 30 33 34 35 
Interval 185: 0 1 2 3 4 5 6 7 8 9 10 11 13 14 15 16 17 18 19 20 21 23 26 27 28 29 30 31 32 34 35 
Interval 186: 0 1 2 3 4 5 6 7 8 9 11 12 13 14 15 16 18 19 22 24 25 27 28 32 33 35 
Interval 187: 0 1 2 3 4 5 6 7 8 9 10 11 12 13 14 15 16 17 18 19 20 22 24 25 27 29 30 31 34 35 
Interval 188: 0 1 2 3 4 5 6 7 8 9 10 11 12 13 14 15 16 17 18 19 20 25 27 30 32 33 34 
Interval 189: 0 1 2 3 4 5 6 7 8 9 11 12 13 14 15 16 17 18 19 23 25 26 28 32 34 
Interval 190: 0 1 2 3 4 5 6 7 8 9 11 12 13 14 15 16 17 18 19 23 24 25 26 27 28 29 31 32 33 34 
Interval 191: 0 1 2 3 4 5 6 7 8 9 10 11 12 13 14 16 17 18 19 20 21 23 24 25 27 29 33 34 
Interval 192: 0 1 2 3 4 5 6 7 8 9 10 11 12 13 15 16 17 18 19 20 23 25 26 27 30 31 33 34 
Interval 193: 0 1 2 3 4 5 6 7 8 9 11 12 13 14 15 16 17 18 19 22 24 27 28 30 31 32 33 34 
Interval 194: 0 1 2 3 4 5 6 7 8 9 10 11 12 13 14 15 16 17 18 22 23 24 27 28 31 33 34 
Interval 195: 0 1 2 3 4 5 6 7 8 9 10 11 12 13 14 15 16 17 18 19 21 22 24 25 26 28 29 30 31 34 
Interval 196: 0 1 2 3 4 5 6 7 8 9 10 11 12 13 14 15 16 17 18 19 20 23 26 27 29 30 31 32 34 
Interval 197: 0 1 2 3 4 5 6 7 8 9 10 11 12 13 14 15 16 17 19 20 22 24 25 27 29 31 32 33 34 
Interval 198: 0 1 2 3 4 5 6 7 8 9 10 11 12 13 14 16 18 20 21 22 23 24 25 27 29 32 34 
Interval 199: 0 1 2 3 4 5 6 7 8 9 10 11 12 13 16 18 20 21 22 23 24 25 27 34 
Interval 200: 0 1 2 3 4 5 6 7 8 9 11 12 13 15 16 17 18 23 24 25 27 30 32 33 34 
Interval 201: 0 1 2 3 4 5 6 7 8 9 10 11 12 13 14 15 16 17 18 19 20 21 24 27 30 32 33 34 
Interval 202: 0 1 2 3 4 5 6 7 8 9 10 11 12 13 14 15 16 17 18 21 22 23 24 27 29 31 32 33 34 
Interval 203: 0 1 2 3 4 5 6 7 8 9 10 11 12 13 14 15 16 17 18 19 23 24 25 26 28 29 30 31 33 34 
Interval 204: 0 1 2 3 4 5 6 7 8 9 10 12 13 15 16 18 19 20 24 26 27 30 31 32 34 
Interval 205: 0 1 2 3 4 5 6 7 8 9 10 11 12 13 14 15 16 18 19 20 22 24 25 27 29 30 31 32 34 
Interval 206: 0 1 2 3 4 5 6 7 8 9 10 11 12 13 14 15 16 17 19 20 21 25 26 28 34 
Interval 207: 0 1 2 3 4 5 6 8 9 10 11 12 13 16 17 18 19 20 22 23 24 25 27 32 34 
Interval 208: 0 1 2 3 4 5 6 7 8 9 10 11 12 13 15 16 17 18 21 22 23 24 26 27 30 32 34 
Interval 209: 0 1 2 3 4 5 6 7 8 9 10 11 12 13 14 15 16 17 18 19 20 23 24 27 28 30 31 34 
Interval 210: 0 1 2 3 4 5 6 7 8 9 11 12 13 15 16 17 18 19 24 25 26 30 33 34 
Interval 211: 0 1 2 3 4 5 6 7 8 9 10 11 13 14 15 16 17 18 19 20 23 26 28 30 31 32 34 
Interval 212: 0 1 2 3 4 5 6 7 8 9 10 11 12 13 14 15 16 17 18 20 22 23 24 25 27 28 29 30 31 33 34 
Interval 213: 0 1 2 3 4 5 6 7 8 9 10 11 12 13 14 15 16 18 19 20 22 25 27 28 29 30 32 34 
Interval 214: 0 1 2 3 4 5 7 8 9 10 11 14 15 17 18 20 22 23 28 29 31 33 
Interval 215: 0 1 2 3 4 5 6 7 8 9 10 11 12 13 14 15 16 17 18 19 20 22 23 24 28 29 30 32 33 
Interval 216: 0 1 2 3 4 5 6 7 8 9 10 11 13 14 15 16 17 18 19 21 23 26 28 30 32 33 
Interval 217: 0 1 2 3 4 5 6 7 8 9 10 11 12 13 14 15 16 17 20 22 23 24 25 26 27 28 30 33 
Interval 218: 0 1 2 3 4 5 6 7 8 9 11 12 13 14 15 16 17 18 19 22 24 26 27 29 30 32 33 
Interval 219: 0 1 2 3 4 5 6 7 8 9 10 11 13 14 15 16 17 18 19 21 23 26 27 28 30 33 
Interval 220: 0 1 2 3 4 5 6 7 8 9 10 11 12 14 15 16 17 18 19 20 21 22 28 30 33 
Interval 221: 0 1 2 3 4 5 6 7 8 9 10 11 12 13 14 15 16 17 18 20 21 22 23 27 29 31 33 
Interval 222: 0 1 2 3 4 5 6 8 9 10 11 12 13 16 17 19 20 22 23 24 25 27 32 33 
Interval 223: 0 1 2 3 4 5 6 7 8 11 12 13 14 15 16 22 25 26 27 28 29 30 31 32 33 
Interval 224: 0 1 2 3 4 5 6 7 8 9 10 11 12 13 14 15 16 17 19 21 23 26 28 30 31 32 33 
Interval 225: 0 1 2 3 4 5 6 7 8 9 10 11 12 14 15 16 17 18 19 22 24 28 31 32 33 
Interval 226: 0 1 2 3 4 5 6 7 8 9 10 11 12 13 15 16 17 18 19 20 22 24 25 27 30 31 32 33 
Interval 227: 0 1 2 3 4 5 6 7 8 9 11 12 13 14 15 16 17 18 22 24 25 26 28 30 33 
Interval 228: 0 1 2 3 4 5 6 7 8 9 10 11 12 13 14 15 16 17 18 21 22 23 24 25 26 27 31 33 
Interval 229: 0 1 2 3 4 5 6 7 8 9 10 11 12 13 14 15 17 18 19 20 22 23 24 25 26 28 29 30 33 
Interval 230: 0 1 2 3 4 5 6 7 8 9 10 11 12 13 14 15 17 18 19 20 23 25 26 28 30 31 33 
Interval 231: 0 1 2 3 4 5 6 7 8 9 10 11 12 13 14 15 16 17 18 19 21 22 25 26 27 29 30 33 
Interval 232: 0 1 2 3 4 5 6 7 8 9 11 12 13 14 15 16 17 19 22 23 24 27 28 29 30 32 33 
Interval 233: 0 1 2 3 4 5 6 7 8 9 10 11 12 13 14 15 16 17 18 19 21 22 23 25 28 30 31 33 
Interval 234: 0 1 2 3 4 5 6 7 8 9 10 13 14 15 16 17 18 19 20 21 26 27 29 30 31 32 33 
Interval 235: 0 1 2 3 4 5 6 7 8 9 10 12 13 14 15 16 17 18 25 26 29 30 31 32 33 
Interval 236: 0 1 2 3 4 5 6 7 8 9 10 12 13 14 15 16 18 19 21 24 25 26 28 32 33 
Interval 237: 0 1 2 3 4 5 6 7 8 9 10 11 12 13 14 15 16 17 18 19 24 25 28 30 31 32 33 
Interval 238: 0 1 2 3 4 5 6 7 8 9 11 12 13 14 15 16 18 19 22 25 26 27 28 29 33 
Interval 239: 0 1 2 3 4 5 6 7 8 9 10 11 12 13 14 15 16 18 20 21 23 25 27 28 29 30 31 33 
Interval 240: 0 1 2 3 4 6 7 8 9 12 13 14 15 16 17 18 24 26 29 30 32 33 
Interval 241: 0 1 2 3 4 5 6 7 8 9 10 11 12 13 15 16 17 18 19 20 21 22 24 25 26 30 32 
Interval 242: 0 1 2 3 4 5 6 7 8 9 10 11 13 14 15 16 18 19 20 22 23 27 28 30 32 
Interval 243: 0 1 2 3 4 5 6 7 8 9 11 12 13 14 15 16 17 18 19 22 24 26 28 32 
Interval 244: 0 1 2 3 4 5 6 7 8 9 10 11 12 13 14 15 16 17 18 19 21 22 25 27 28 29 30 31 32 
Interval 245: 0 1 2 3 4 5 6 7 8 9 10 11 12 13 14 16 17 18 19 20 21 22 23 26 27 28 32 
Interval 246: 0 1 2 3 4 5 6 7 8 9 11 12 13 14 15 16 17 18 19 22 24 25 27 28 29 31 32 
Interval 247: 0 1 2 3 4 5 6 7 8 9 11 12 13 14 16 17 18 19 23 25 26 28 29 32 
Interval 248: 0 1 2 3 4 5 6 8 9 10 11 12 13 16 17 18 19 20 21 23 24 25 26 27 32 
Interval 249: 0 1 2 3 4 5 6 8 9 10 11 12 13 16 17 18 20 21 22 24 25 26 32 
Interval 250: 0 1 2 3 4 5 6 7 8 9 10 11 12 13 14 15 16 17 18 19 20 25 27 28 31 32 
Interval 251: 0 1 2 3 4 5 6 7 8 9 10 12 13 14 15 16 17 18 19 21 24 27 32 
Interval 252: 0 1 2 3 4 5 6 7 8 10 12 13 14 15 16 21 24 25 27 28 31 32 
Interval 253: 0 1 2 3 4 5 6 7 8 9 10 12 13 15 16 17 18 21 24 25 27 31 32 
Interval 254: 0 1 2 3 4 5 6 7 8 9 10 11 12 13 14 15 16 17 18 20 22 23 24 25 26 31 32 
Interval 255: 0 1 2 3 4 5 6 7 8 9 10 11 12 13 14 16 17 18 19 20 21 23 25 27 28 29 32 
Interval 256: 0 1 2 3 4 5 6 7 8 9 10 11 12 14 15 16 17 18 19 21 22 23 24 28 32 
Interval 257: 0 1 2 3 4 5 6 7 8 9 10 11 12 13 14 15 16 18 21 22 25 27 30 32 
Interval 258: 0 1 2 3 4 5 6 7 8 9 10 11 12 13 14 16 17 18 20 22 23 24 25 26 27 29 32 
Interval 259: 0 1 2 3 4 5 6 7 8 9 10 12 13 14 15 16 17 21 24 29 31 32 
Interval 260: 0 1 2 3 4 5 6 7 8 9 11 12 13 14 15 16 17 18 19 22 26 29 31 32 
Interval 261: 0 1 2 3 4 5 6 7 8 9 10 11 12 13 14 15 16 17 18 22 23 24 27 29 30 31 32 
Interval 262: 0 1 2 3 4 5 6 7 8 9 10 11 12 13 14 15 16 17 18 21 22 23 25 28 29 30 32 
Interval 263: 0 1 2 3 4 5 6 7 8 9 10 11 12 13 14 15 17 18 19 21 22 27 28 29 30 31 32 
Interval 264: 0 1 2 3 4 5 7 8 9 10 11 14 15 16 17 18 19 21 22 23 28 32 
Interval 265: 0 1 2 3 4 5 6 7 8 9 10 12 13 14 15 16 19 21 26 28 30 31 32 
Interval 266: 0 1 2 3 4 5 6 7 8 9 10 11 12 13 14 15 17 18 19 20 23 24 25 27 29 31 32 
Interval 267: 0 1 2 3 4 5 6 7 8 9 11 12 13 14 15 16 17 18 19 22 25 26 27 28 29 30 31 32 
Interval 268: 0 1 2 3 4 5 6 7 8 9 10 11 12 14 15 16 17 18 19 21 23 25 28 30 31 
Interval 269: 0 1 2 3 4 5 6 7 8 9 10 11 12 14 15 16 17 18 20 21 22 23 24 25 28 29 30 31 
Interval 270: 0 1 2 3 4 5 6 7 8 9 11 12 13 14 15 16 17 18 19 23 24 26 28 29 30 31 
Interval 271: 0 1 2 3 4 5 6 7 8 9 10 11 13 14 15 16 17 18 21 23 27 28 29 31 
Interval 272: 0 1 2 3 4 5 6 7 8 9 10 11 12 13 14 15 16 17 18 21 22 25 27 28 31 
Interval 273: 0 1 2 3 4 5 6 7 8 9 10 11 12 13 14 15 17 18 19 20 21 22 23 24 25 26 29 30 31 
Interval 274: 0 1 2 3 4 5 6 7 8 9 10 12 13 14 15 16 17 18 19 20 21 24 25 26 28 29 30 31 
Interval 275: 0 1 2 3 4 5 6 7 8 9 10 11 12 13 14 15 16 17 19 20 23 24 26 27 29 31 
Interval 276: 0 1 2 3 4 5 6 7 8 9 10 11 12 14 15 16 17 18 20 21 22 23 24 25 28 30 31 
Interval 277: 0 1 2 3 4 5 6 7 8 9 10 11 13 14 16 17 18 19 20 23 27 29 31 
Interval 278: 0 1 2 3 4 5 6 7 8 9 10 11 12 13 14 15 16 18 21 22 23 25 26 29 31 
Interval 279: 0 1 2 3 4 5 6 7 8 9 10 11 13 14 15 16 18 19 21 22 23 27 29 30 31 
Interval 280: 0 1 2 3 4 5 6 7 8 9 10 11 12 13 14 15 16 18 20 21 22 23 24 26 27 28 30 31 
Interval 281: 0 1 2 3 4 5 6 7 8 9 10 12 13 14 15 16 17 18 19 20 24 26 28 29 31 
Interval 282: 0 1 2 3 4 5 6 7 8 9 10 11 12 13 14 15 17 18 19 22 24 26 28 29 30 31 
Interval 283: 0 1 2 3 4 5 6 7 8 9 10 11 12 13 14 16 17 18 19 20 23 24 28 29 31 
Interval 284: 0 1 2 3 4 5 6 7 8 9 10 11 12 13 14 15 16 17 18 19 20 23 24 25 27 29 31 
Interval 285: 0 1 2 3 4 5 6 7 8 9 10 12 14 15 16 17 18 21 24 29 30 31 
Interval 286: 0 1 2 3 4 5 6 7 8 9 10 11 12 13 14 15 16 17 19 20 21 23 24 26 27 28 30 31 
Interval 287: 0 1 2 3 4 5 6 7 8 9 10 11 12 13 14 15 16 17 18 19 20 21 22 23 24 25 26 29 31 
Interval 288: 0 1 2 3 4 5 6 7 8 9 10 11 12 13 14 15 16 17 18 19 20 21 22 25 28 29 31 
Interval 289: 0 1 2 3 4 5 6 7 8 9 10 11 12 13 14 15 17 18 19 20 21 22 23 26 28 30 31 
Interval 290: 0 1 2 3 4 5 6 7 8 9 10 11 12 13 14 15 16 17 18 22 24 26 27 28 31 
Interval 291: 0 1 2 3 4 5 6 7 8 9 10 11 12 13 14 16 17 18 19 20 21 22 24 26 27 28 31 
Interval 292: 0 1 2 3 4 5 6 7 8 9 11 13 15 16 17 18 19 22 23 26 31 
Interval 293: 0 1 2 3 4 5 6 7 8 9 10 11 12 14 15 16 17 18 19 20 23 24 25 29 30 31 
Interval 294: 0 1 2 3 4 5 6 7 8 9 11 12 13 14 15 16 17 18 22 24 25 26 28 29 30 31 
Interval 295: 0 1 2 3 4 5 6 7 8 9 10 14 15 16 17 18 19 20 21 28 30 
Interval 296: 0 1 2 3 4 5 6 7 8 9 10 11 12 13 14 15 16 17 18 19 20 21 23 24 26 27 29 30 
Interval 297: 0 1 2 3 4 5 6 7 8 9 10 12 13 14 15 16 17 18 19 21 24 26 28 30 
Interval 298: 0 1 2 3 4 5 6 7 8 9 10 11 12 13 14 17 19 22 23 24 26 27 29 30 
Interval 299: 0 1 2 3 4 5 6 7 8 9 10 11 12 13 15 16 17 18 19 20 23 24 30 
Interval 300: 0 1 2 3 4 5 6 7 8 11 12 13 14 15 16 17 23 24 25 26 27 29 30 
Interval 301: 0 1 2 3 4 5 6 7 8 9 10 11 12 13 14 16 17 19 20 21 24 25 26 27 28 29 30 
Interval 302: 0 1 2 3 4 5 6 7 8 9 10 11 12 13 14 15 16 17 18 21 23 24 25 26 27 30 
Interval 303: 0 1 2 3 4 5 6 7 8 10 11 12 13 14 15 16 17 20 21 23 24 25 26 27 28 29 30 
Interval 304: 0 1 2 3 4 5 6 7 8 9 10 11 12 13 14 15 16 17 18 19 20 22 23 24 26 27 29 30 
Interval 305: 0 1 2 3 4 5 6 7 8 9 11 12 13 14 15 16 17 18 19 23 24 26 28 29 30 
Interval 306: 0 1 2 3 4 6 7 8 9 12 13 14 15 16 17 18 25 27 28 29 30 
Interval 307: 0 1 2 3 4 5 6 7 8 9 10 12 13 14 15 16 17 18 19 21 24 25 27 28 29 30 
Interval 308: 0 1 2 3 4 5 6 7 8 9 10 11 13 14 15 16 17 18 19 20 21 22 26 27 29 30 
Interval 309: 0 1 2 3 4 5 6 7 8 9 10 11 12 13 14 16 18 21 22 23 25 26 28 29 30 
Interval 310: 0 1 2 3 4 5 6 7 8 9 11 12 13 15 16 17 18 19 22 25 26 27 30 
Interval 311: 0 1 2 3 4 5 6 7 8 9 10 11 12 13 15 17 18 19 20 21 22 24 25 26 30 
Interval 312: 0 1 2 3 4 5 6 7 8 9 10 11 12 13 14 15 16 17 18 20 22 24 25 26 27 28 29 30 
Interval 313: 0 1 2 3 4 5 6 7 8 9 12 13 14 15 16 17 18 25 27 28 29 30 
Interval 314: 0 1 2 3 4 5 6 7 8 9 10 11 12 13 14 16 17 18 19 20 21 23 24 25 26 28 30 
Interval 315: 0 1 2 3 4 5 6 7 8 9 10 11 12 13 14 15 16 17 18 19 21 24 25 26 27 28 29 30 
Interval 316: 0 1 2 3 4 5 6 7 8 9 11 12 13 14 15 16 17 18 19 22 25 26 28 29 30 
Interval 317: 0 1 2 3 4 5 6 7 8 9 10 11 12 13 14 15 16 17 18 19 20 21 23 24 26 29 30 
Interval 318: 0 1 2 3 4 5 6 7 8 9 10 11 12 13 14 15 16 17 18 20 22 23 24 26 27 28 29 30 
Interval 319: 0 1 2 3 4 5 6 7 8 9 10 11 12 13 14 15 16 17 18 20 23 25 26 29 30 
Interval 320: 0 1 2 3 4 5 6 7 8 9 10 11 12 13 14 15 16 18 19 20 22 23 24 27 29 30 
Interval 321: 0 1 2 3 4 5 6 7 8 9 10 11 12 13 14 15 16 17 18 20 21 23 24 25 28 29 30 
Interval 322: 0 1 2 3 4 5 6 7 8 9 10 11 12 13 15 16 17 18 20 23 24 25 26 29 
Interval 323: 0 1 2 3 4 5 6 7 8 9 10 11 13 14 15 16 17 19 21 22 23 27 28 29 
Interval 324: 0 1 2 3 4 5 6 7 8 9 10 11 12 13 14 15 16 17 18 19 21 22 24 25 27 28 29 
Interval 325: 0 1 2 3 4 5 6 7 8 9 10 11 12 13 14 15 16 17 18 24 25 26 29 
Interval 326: 0 1 2 3 4 5 6 7 8 9 10 11 12 13 14 16 17 18 19 20 22 27 28 29 
Interval 327: 0 1 2 3 4 5 6 7 8 9 10 11 12 13 15 17 18 22 23 24 29 
Interval 328: 0 1 2 3 4 5 6 7 8 9 10 12 13 14 15 17 18 19 20 24 25 27 28 29 
Interval 329: 0 1 2 3 4 5 6 7 8 9 10 11 12 13 16 17 18 19 23 25 27 29 
Interval 330: 0 1 2 3 4 5 6 7 8 9 10 12 13 14 15 16 17 18 19 21 24 25 26 27 28 29 
Interval 331: 0 1 2 3 4 5 6 7 8 9 10 11 12 13 14 15 16 17 18 19 21 22 25 26 28 29 
Interval 332: 0 1 2 3 4 5 6 7 8 9 10 11 12 13 15 16 17 18 19 21 22 23 25 26 29 
Interval 333: 0 1 2 3 4 5 6 7 8 9 10 11 12 13 15 16 17 19 20 22 23 24 27 29 
Interval 334: 0 1 2 3 4 5 6 7 8 9 10 11 12 13 14 15 16 17 18 19 20 21 22 25 27 29 
Interval 335: 0 1 2 3 4 5 6 7 8 9 10 12 13 14 15 16 17 18 19 20 21 24 26 27 29 
Interval 336: 0 1 2 3 4 5 6 7 8 9 10 12 13 16 17 18 19 20 24 25 26 27 29 
Interval 337: 0 1 2 3 4 5 6 7 8 10 11 12 13 14 15 16 17 23 24 25 28 29 
Interval 338: 0 1 2 3 4 5 6 7 8 9 10 11 12 13 15 17 18 19 20 22 24 25 27 29 
Interval 339: 0 1 2 3 4 5 6 8 9 10 12 13 16 17 18 19 21 24 26 29 
Interval 340: 0 1 2 3 4 5 6 7 8 9 10 11 12 13 14 15 16 17 19 20 22 23 24 25 27 29 
Interval 341: 0 1 2 3 4 5 6 7 8 9 11 12 13 14 15 16 17 18 23 24 28 29 
Interval 342: 0 1 2 3 4 5 6 7 8 9 10 11 12 14 15 17 18 19 23 24 25 28 29 
Interval 343: 0 1 2 3 4 5 6 7 8 9 10 11 12 13 14 15 16 18 19 21 24 25 26 27 28 29 
Interval 344: 0 1 2 3 4 5 6 7 8 9 10 11 12 13 14 15 17 19 20 21 22 23 24 26 27 29 
Interval 345: 0 1 2 3 4 5 6 7 8 9 10 11 12 13 14 15 16 18 19 23 25 26 27 28 29 
Interval 346: 0 1 2 3 4 5 6 7 8 9 10 11 12 13 14 15 16 17 18 19 20 23 24 25 28 29 
Interval 347: 0 1 2 3 4 5 6 7 8 9 10 11 12 13 14 15 16 18 19 21 22 23 26 27 28 29 
Interval 348: 0 1 2 3 4 5 6 7 8 9 11 13 14 15 16 17 18 19 22 23 26 27 28 
Interval 349: 0 1 2 3 4 5 7 8 9 10 11 14 15 16 17 18 19 20 21 22 23 28 
Interval 350: 0 1 2 3 4 5 6 7 8 9 10 11 12 13 15 16 18 20 22 23 25 26 27 28 
Interval 351: 0 1 2 3 4 5 6 7 8 9 10 11 12 13 14 17 19 21 22 23 25 27 28 
Interval 352: 0 1 2 3 4 5 6 7 8 9 10 11 12 14 15 16 17 18 19 20 24 25 28 
Interval 353: 0 1 2 3 4 5 6 7 8 9 10 11 12 13 14 15 17 18 19 21 22 24 27 28 
Interval 354: 0 1 2 3 4 5 6 7 8 9 10 11 12 13 14 16 17 19 21 23 25 26 27 28 
Interval 355: 0 1 2 3 4 5 6 7 8 9 10 11 12 13 14 15 16 17 18 19 21 25 28 
Interval 356: 0 1 2 3 4 5 6 8 9 10 11 12 13 16 18 19 20 22 23 24 27 28 
Interval 357: 0 1 2 3 4 5 6 7 8 9 10 11 12 13 14 15 16 17 18 23 24 25 26 28 
Interval 358: 0 1 2 3 4 5 6 7 8 9 10 11 13 14 15 17 18 19 20 22 26 28 
Interval 359: 0 1 2 3 4 5 6 7 8 9 10 11 12 13 14 15 16 17 18 20 23 25 27 28 
Interval 360: 0 1 2 3 4 5 6 7 8 9 10 12 14 15 16 18 20 21 24 28 
Interval 361: 0 1 2 3 4 5 6 7 8 9 10 11 12 14 16 18 21 23 24 28 
Interval 362: 0 1 2 3 4 5 6 7 8 9 10 11 12 13 14 15 16 17 18 20 23 24 25 27 28 
Interval 363: 0 1 2 3 4 5 6 7 8 9 10 11 12 14 15 16 17 18 19 20 21 22 24 28 
Interval 364: 0 1 2 3 4 5 6 7 8 9 10 11 12 13 14 15 16 18 19 21 23 24 25 26 28 
Interval 365: 0 1 2 3 4 5 6 7 8 9 10 11 12 13 15 16 17 18 19 21 22 23 24 26 27 28 
Interval 366: 0 1 2 3 4 5 6 7 8 9 10 11 12 13 14 15 16 17 18 19 20 23 25 26 28 
Interval 367: 0 1 2 3 4 5 6 7 8 9 10 11 12 13 14 15 17 18 19 20 24 26 27 28 
Interval 368: 0 1 2 3 4 5 6 7 8 9 10 11 12 14 15 16 17 18 20 22 23 24 25 28 
Interval 369: 0 1 2 3 4 5 6 7 8 9 10 11 12 14 15 16 17 18 19 21 22 23 24 25 28 
Interval 370: 0 1 2 3 4 5 6 7 8 9 10 11 12 13 14 15 17 18 19 21 23 25 26 28 
Interval 371: 0 1 2 3 4 5 6 8 9 10 11 12 13 16 17 18 19 21 25 26 27 28 
Interval 372: 0 1 2 3 4 5 6 7 8 9 10 11 12 13 14 15 16 17 18 22 23 24 25 27 28 
Interval 373: 0 1 2 3 4 5 6 7 8 9 10 11 12 13 14 15 16 17 18 20 22 23 24 26 27 28 
Interval 374: 0 1 2 3 4 5 6 7 8 9 10 11 12 13 14 15 16 18 20 21 22 23 24 25 27 28 
Interval 375: 0 1 2 3 4 5 6 7 8 9 10 11 12 13 14 15 16 17 18 19 20 23 24 25 26 27 
Interval 376: 0 1 2 3 4 5 6 7 8 9 10 11 12 13 15 16 17 18 19 21 22 23 25 26 27 
Interval 377: 0 1 2 3 4 5 6 7 8 9 10 12 13 14 15 16 17 18 19 21 24 25 26 27 
Interval 378: 0 1 2 3 4 5 6 7 8 9 11 12 13 14 15 16 17 18 19 23 26 27 
Interval 379: 0 1 2 3 4 5 6 7 8 9 10 11 12 13 14 15 16 17 18 20 21 25 27 
Interval 380: 0 1 2 3 4 5 6 7 8 9 11 12 13 14 15 16 17 19 22 25 27 
Interval 381: 0 1 2 3 4 5 6 7 8 9 10 11 12 13 14 16 18 19 20 21 22 24 26 27 
Interval 382: 0 1 2 3 4 5 6 7 8 9 10 11 12 13 14 16 17 18 21 22 24 26 27 
Interval 383: 0 1 2 3 4 5 6 7 8 9 11 13 14 15 16 18 19 22 23 26 27 
Interval 384: 0 1 2 3 4 5 6 7 8 9 10 11 12 13 14 16 17 19 20 21 22 25 27 
Interval 385: 0 1 2 3 4 5 6 7 8 9 11 12 13 14 15 16 17 18 19 23 25 27 
Interval 386: 0 1 2 3 4 5 6 7 8 9 10 11 12 13 14 17 18 19 20 21 23 24 26 27 
Interval 387: 0 1 2 3 4 5 6 7 8 9 10 12 13 14 15 16 17 18 19 20 21 26 27 
Interval 388: 0 1 2 3 4 5 6 7 8 9 10 11 12 13 14 15 16 17 18 20 21 23 24 25 27 
Interval 389: 0 1 2 3 4 5 6 7 8 9 10 11 12 13 14 15 17 18 20 23 24 25 27 
Interval 390: 0 1 2 3 4 5 6 7 8 9 10 11 12 13 14 15 16 17 18 19 20 23 25 27 
Interval 391: 0 1 2 3 4 5 6 7 8 9 10 11 12 13 14 15 16 19 20 21 22 25 26 27 
Interval 392: 0 1 2 3 4 5 6 7 8 9 10 11 12 13 14 16 17 19 20 21 23 25 27 
Interval 393: 0 1 2 3 4 5 6 7 8 9 10 11 13 14 15 16 17 18 19 22 26 27 
Interval 394: 0 1 2 3 4 5 6 7 8 9 10 11 12 13 14 15 16 18 19 21 22 23 24 25 26 27 
Interval 395: 0 1 2 3 4 5 6 7 8 9 10 11 12 13 14 15 17 19 21 22 24 25 27 
Interval 396: 0 1 2 3 4 5 6 7 8 9 10 11 12 13 14 15 16 18 19 20 21 22 24 26 27 
Interval 397: 0 1 2 3 4 5 6 7 8 9 10 11 13 14 15 16 17 18 19 20 21 22 23 26 27 
Interval 398: 0 1 2 3 4 5 6 7 8 9 11 12 13 14 15 17 18 22 24 26 27 
Interval 399: 0 1 2 3 4 5 6 7 8 9 10 11 12 14 15 16 17 18 20 22 27 
Interval 400: 0 1 2 3 4 5 6 7 8 9 10 13 14 15 16 17 18 19 20 21 26 27 
Interval 401: 0 1 2 3 4 5 7 8 9 10 11 14 15 17 18 19 20 21 23 26 
Interval 402: 0 1 2 3 4 5 6 7 8 9 10 11 12 13 14 15 16 18 20 21 23 24 25 26 
Interval 403: 0 1 2 3 4 5 6 7 8 9 10 11 12 13 14 15 16 17 18 19 21 22 23 26 
Interval 404: 0 1 2 3 4 5 6 7 8 9 10 11 12 13 14 15 16 18 21 22 24 25 26 
Interval 405: 0 1 2 3 4 5 6 7 8 9 10 11 12 13 14 15 16 17 19 20 21 25 26 
Interval 406: 0 1 2 3 4 5 6 7 8 9 10 12 13 14 15 17 18 20 21 24 26 
Interval 407: 0 1 2 3 4 5 6 7 8 9 10 11 12 13 16 17 19 20 21 24 26 
Interval 408: 0 1 2 3 4 5 6 7 8 9 10 11 12 13 14 15 17 18 19 23 24 25 26 
Interval 409: 0 1 2 3 4 5 6 7 8 9 10 11 12 13 14 15 16 18 19 22 23 24 25 26 
Interval 410: 0 1 2 3 4 5 6 7 8 9 10 11 12 13 15 16 17 18 20 21 22 23 24 26 
Interval 411: 0 1 2 3 4 5 6 7 8 9 11 12 13 14 15 16 17 18 22 23 24 26 
Interval 412: 0 1 2 3 4 5 6 7 8 9 10 12 13 14 15 16 17 18 19 20 21 24 25 26 
Interval 413: 0 1 2 3 4 5 6 7 8 9 10 11 12 14 15 16 17 18 19 21 22 23 25 26 
Interval 414: 0 1 2 3 4 5 6 7 8 9 10 11 12 13 14 15 16 17 19 22 25 26 
Interval 415: 0 1 2 3 4 5 6 7 8 9 10 11 12 13 14 15 16 17 18 19 20 22 25 26 
Interval 416: 0 1 2 3 4 5 6 7 9 10 11 12 13 15 18 19 20 21 22 23 24 25 26 
Interval 417: 0 1 2 3 4 5 6 7 8 9 10 11 12 13 14 16 17 18 19 20 21 22 23 25 26 
Interval 418: 0 1 2 3 4 5 6 7 9 10 11 12 13 15 18 19 20 21 23 24 25 26 
Interval 419: 0 1 2 3 4 5 6 7 8 9 10 11 12 13 14 15 17 19 20 21 23 25 26 
Interval 420: 0 1 2 3 4 5 6 7 8 9 10 11 12 14 15 16 17 18 19 20 21 22 23 24 25 26 
Interval 421: 0 1 2 3 4 5 6 7 8 9 10 11 12 13 15 16 17 18 19 21 23 25 26 
Interval 422: 0 1 2 3 4 5 6 7 8 9 11 12 13 14 15 16 18 23 25 26 
Interval 423: 0 1 2 3 4 5 6 7 9 10 11 12 13 14 15 19 20 22 23 25 26 
Interval 424: 0 1 2 3 4 5 6 7 8 9 10 11 12 13 14 15 16 17 18 21 22 25 26 
Interval 425: 0 1 2 3 4 5 6 7 8 9 10 11 12 13 15 16 17 18 20 21 23 24 25 26 
Interval 426: 0 1 2 3 4 5 6 7 8 9 10 11 12 13 14 16 17 18 19 22 24 25 26 
Interval 427: 0 1 2 3 4 5 6 7 8 9 10 12 13 14 15 16 17 18 19 21 24 25 
Interval 428: 0 1 2 3 4 5 6 7 8 9 10 12 13 14 15 16 17 18 20 25 
Interval 429: 0 1 2 3 4 5 6 7 8 9 10 11 12 13 14 15 16 17 18 20 23 24 25 
Interval 430: 0 1 2 3 4 5 6 7 8 9 10 11 12 13 14 15 16 17 18 19 24 25 
Interval 431: 0 1 2 3 4 5 6 7 8 9 10 11 12 13 14 16 17 18 19 21 22 23 24 25 
Interval 432: 0 1 2 3 4 5 6 7 8 9 10 11 13 14 15 16 17 18 19 25 
Interval 433: 0 1 2 3 4 5 6 7 8 9 10 11 12 13 14 15 16 17 18 19 22 23 25 
Interval 434: 0 1 2 3 4 5 6 7 8 9 11 12 13 14 16 17 18 19 22 24 25 
Interval 435: 0 1 2 3 4 5 6 7 8 9 10 11 12 13 14 15 17 18 20 25 
Interval 436: 0 1 2 3 4 5 6 7 8 9 10 11 12 13 15 16 17 18 21 23 24 25 
Interval 437: 0 1 2 3 4 5 6 7 8 9 10 11 13 14 15 16 17 19 20 23 25 
Interval 438: 0 1 2 3 4 5 6 7 8 9 10 11 12 13 14 15 16 18 19 20 21 22 24 25 
Interval 439: 0 1 2 3 4 5 6 7 8 9 10 11 12 13 15 16 17 18 19 20 21 22 25 
Interval 440: 0 1 2 3 4 5 6 7 8 9 11 12 14 15 16 17 18 19 23 25 
Interval 441: 0 1 2 3 4 5 6 7 8 9 10 11 12 14 15 16 17 18 19 21 23 25 
Interval 442: 0 1 2 3 4 5 6 7 8 9 10 11 12 13 14 15 16 17 18 19 21 23 25 
Interval 443: 0 1 2 3 4 5 6 7 8 9 10 11 12 13 14 15 17 19 20 22 24 25 
Interval 444: 0 1 2 3 4 5 6 7 8 9 10 11 12 13 15 16 18 20 21 23 24 25 
Interval 445: 0 1 2 3 4 5 6 7 8 9 10 11 12 13 14 15 16 17 18 19 21 22 23 25 
Interval 446: 0 1 2 3 4 5 6 7 8 9 10 12 13 14 16 17 18 20 21 24 25 
Interval 447: 0 1 2 3 4 5 6 7 8 9 10 11 12 13 14 15 16 17 18 20 22 23 24 25 
Interval 448: 0 1 2 3 4 5 6 7 8 9 10 11 12 13 14 15 16 17 18 19 20 21 23 25 
Interval 449: 0 1 2 3 4 5 6 7 8 9 10 11 12 13 14 15 17 18 19 20 21 22 25 
Interval 450: 0 1 2 3 4 5 6 7 8 9 11 13 14 15 16 17 18 19 22 25 
Interval 451: 0 1 2 3 4 5 6 7 8 9 10 11 12 13 14 15 16 17 19 20 21 23 24 25 
Interval 452: 0 1 2 3 4 5 6 7 8 9 10 11 12 13 14 15 16 17 18 19 21 22 23 24 25 
Interval 453: 0 1 2 3 4 5 6 7 8 9 10 11 12 13 14 15 16 18 19 21 22 24 
Interval 454: 0 1 2 3 4 5 6 7 8 9 11 12 13 14 16 17 18 19 22 23 24 
Interval 455: 0 1 2 3 4 5 6 7 8 9 10 11 12 13 14 15 16 17 19 21 23 24 
Interval 456: 0 1 2 3 4 5 6 7 8 9 10 11 12 13 14 16 17 19 20 22 24 
Interval 457: 0 1 2 3 4 5 6 7 8 9 10 11 13 15 16 17 18 19 20 22 24 
Interval 458: 0 1 2 3 4 5 6 7 8 9 10 11 12 13 14 15 16 17 18 19 20 21 22 24 
Interval 459: 0 1 2 3 4 5 6 7 8 9 11 12 13 14 16 17 18 19 23 24 
Interval 460: 0 1 2 3 4 5 6 7 8 9 10 11 12 13 15 16 17 18 22 24 
Interval 461: 0 1 2 3 4 5 6 7 8 9 10 12 13 14 15 16 17 18 19 21 24 
Interval 462: 0 1 2 3 4 5 6 7 8 9 10 11 12 13 14 15 17 18 19 21 22 24 
Interval 463: 0 1 2 3 4 5 6 7 8 9 10 11 12 13 14 15 16 17 18 21 22 24 
Interval 464: 0 1 2 3 4 5 6 7 8 9 11 13 14 15 16 17 18 19 22 23 24 
Interval 465: 0 1 2 3 4 5 6 7 8 10 11 12 13 14 15 16 17 20 21 22 23 24 
Interval 466: 0 1 2 3 4 5 6 7 8 9 10 11 12 13 14 15 17 18 19 21 22 24 
Interval 467: 0 1 2 3 4 5 6 7 8 9 10 11 12 13 14 15 16 17 18 19 20 21 23 24 
Interval 468: 0 1 2 3 4 5 6 7 8 9 10 11 12 13 14 15 17 18 19 21 23 24 
Interval 469: 0 1 2 3 4 5 6 7 8 9 10 11 12 13 14 16 18 19 20 22 23 24 
Interval 470: 0 1 2 3 4 5 6 7 8 9 10 11 12 13 14 15 16 17 18 19 20 21 22 23 24 
Interval 471: 0 1 2 3 4 5 6 7 8 9 10 11 12 13 15 16 18 19 22 23 24 
Interval 472: 0 1 2 3 4 5 6 7 8 9 10 11 12 13 14 15 16 17 18 22 23 24 
Interval 473: 0 1 2 3 4 5 6 7 8 9 11 12 13 14 15 16 17 23 24 
Interval 474: 0 1 2 3 4 5 6 7 8 9 10 11 13 14 16 17 19 21 22 23 24 
Interval 475: 0 1 2 3 4 5 6 7 8 9 10 11 12 13 14 16 18 19 21 22 24 
Interval 476: 0 1 2 3 4 5 6 7 8 9 10 12 13 14 15 17 18 20 21 24 
Interval 477: 0 1 2 3 4 5 6 7 8 9 10 11 12 13 14 15 16 17 18 19 21 22 24 
Interval 478: 0 1 2 3 4 5 6 7 8 9 11 12 13 14 15 16 18 19 23 24 
Interval 479: 0 1 2 3 4 5 6 7 8 9 10 11 12 13 14 15 16 17 19 21 22 23 
Interval 480: 0 1 2 3 4 5 6 7 8 9 10 11 12 13 14 15 16 17 18 19 21 23 
Interval 481: 0 1 2 3 4 5 6 7 8 9 10 11 12 13 14 15 16 17 18 20 22 23 
Interval 482: 0 1 2 3 4 5 6 7 8 9 10 11 12 13 14 15 16 17 19 20 21 23 
Interval 483: 0 1 2 3 4 5 6 7 8 9 10 11 12 13 14 15 16 18 19 23 
Interval 484: 0 1 2 3 4 5 6 7 8 9 10 11 13 14 15 16 18 19 20 21 22 23 
Interval 485: 0 1 2 3 4 5 6 7 9 10 11 12 13 14 15 18 19 21 22 23 
Interval 486: 0 1 2 3 4 5 6 7 8 9 10 11 12 13 14 15 16 17 20 21 22 23 
Interval 487: 0 1 2 3 4 6 7 8 9 12 14 15 16 17 18 19 23 
Interval 488: 0 1 2 3 4 5 6 7 8 9 10 12 13 15 16 17 19 23 
Interval 489: 0 1 2 3 4 5 6 7 8 9 11 12 13 14 15 16 17 18 19 22 23 
Interval 490: 0 1 2 3 4 5 6 7 8 9 10 11 12 13 14 15 16 17 18 19 20 22 23 
Interval 491: 0 1 2 3 4 5 6 7 8 10 12 13 15 16 17 20 21 23 
Interval 492: 0 1 2 3 4 5 6 7 8 9 10 11 12 13 14 15 16 17 19 22 23 
Interval 493: 0 1 2 3 4 5 6 7 8 9 10 12 13 14 16 17 18 19 21 23 
Interval 494: 0 1 2 3 4 5 6 7 8 9 10 11 12 13 14 15 16 17 19 20 21 22 23 
Interval 495: 0 1 2 3 4 5 6 7 8 9 10 11 12 13 14 15 17 18 19 20 22 23 
Interval 496: 0 1 2 3 4 5 6 7 8 10 11 12 13 14 15 16 20 21 23 
Interval 497: 0 1 2 3 4 5 6 7 8 9 10 11 12 13 14 16 17 18 19 20 21 22 23 
Interval 498: 0 1 2 3 4 5 6 7 8 9 10 12 13 14 16 17 18 19 20 21 23 
Interval 499: 0 1 2 3 4 5 6 7 8 9 10 11 13 14 15 16 18 19 20 21 22 23 
Interval 500: 0 1 2 3 4 5 6 7 8 9 10 11 12 15 16 17 18 21 22 23 
Interval 501: 0 1 2 3 4 5 6 7 8 11 13 14 15 16 17 22 23 
Interval 502: 0 1 2 3 4 5 6 7 8 9 10 11 12 13 14 15 16 18 19 20 21 22 23 
Interval 503: 0 1 2 3 4 5 6 7 8 9 10 11 12 13 14 16 17 18 19 21 23 
Interval 504: 0 1 2 3 4 5 6 7 8 9 10 11 12 13 14 15 16 18 20 22 23 
Interval 505: 0 1 2 3 4 5 6 7 8 9 11 12 13 14 15 16 17 18 22 
Interval 506: 0 1 2 3 4 5 6 7 8 9 10 11 12 13 15 18 19 21 22 
Interval 507: 0 1 2 3 4 5 6 7 8 9 10 11 12 13 15 16 17 19 20 21 22 
Interval 508: 0 1 2 3 4 5 6 7 8 9 11 12 13 14 16 17 19 22 
Interval 509: 0 1 2 3 4 5 6 7 8 9 10 12 13 14 16 17 18 20 21 22 
Interval 510: 0 1 2 3 4 5 6 7 8 9 10 11 12 13 14 15 16 17 18 19 21 22 
Interval 511: 0 1 2 3 4 5 6 7 8 9 10 11 12 13 14 16 17 18 19 21 22 
Interval 512: 0 1 2 3 4 5 6 7 8 9 10 11 12 13 14 15 16 18 19 20 22 
Interval 513: 0 1 2 3 4 5 6 7 8 9 10 11 12 13 14 15 16 17 18 19 22 
Interval 514: 0 1 2 3 4 5 6 7 8 9 10 11 12 13 14 16 18 19 20 21 22 
Interval 515: 0 1 2 3 4 5 6 7 8 9 10 11 13 14 15 16 17 18 21 22 
Interval 516: 0 1 2 3 4 5 6 7 8 10 11 12 14 15 16 17 20 21 22 
Interval 517: 0 1 2 3 4 5 6 7 8 9 10 12 13 14 15 16 17 18 21 22 
Interval 518: 0 1 2 3 4 5 6 7 8 9 10 12 13 14 15 16 17 18 19 20 22 
Interval 519: 0 1 2 3 4 5 6 7 8 9 11 12 13 14 15 17 18 19 22 
Interval 520: 0 1 2 3 4 5 6 7 8 9 10 12 13 14 15 16 17 18 19 20 22 
Interval 521: 0 1 2 3 4 5 6 7 8 9 10 11 13 14 15 16 17 18 19 21 22 
Interval 522: 0 1 2 3 4 5 6 7 8 9 10 11 12 13 14 15 16 18 19 21 22 
Interval 523: 0 1 2 3 4 5 6 7 8 9 10 12 13 14 15 16 17 18 21 22 
Interval 524: 0 1 2 3 4 5 6 7 8 9 10 11 12 13 15 16 17 18 20 21 22 
Interval 525: 0 1 2 3 4 5 6 7 8 9 10 11 12 13 14 15 16 17 18 20 21 22 
Interval 526: 0 1 2 3 4 5 6 7 8 9 10 12 13 14 15 17 18 19 20 22 
Interval 527: 0 1 2 3 4 5 6 7 8 9 10 11 12 13 14 17 18 19 20 21 22 
Interval 528: 0 1 2 3 4 5 6 7 8 9 10 11 12 13 14 15 16 17 18 21 22 
Interval 529: 0 1 2 3 4 5 6 7 8 9 10 11 12 14 15 16 17 18 19 20 21 22 
Interval 530: 0 1 2 3 4 5 6 7 8 9 10 11 12 13 14 15 16 17 19 21 22 
Interval 531: 0 1 2 3 4 5 6 7 8 9 10 11 12 13 14 15 17 18 20 21 
Interval 532: 0 1 2 3 4 5 6 7 8 9 10 12 13 14 15 16 17 18 21 
Interval 533: 0 1 2 3 4 5 6 7 8 9 10 11 12 13 14 15 17 18 20 21 
Interval 534: 0 1 2 3 4 5 6 7 8 9 11 12 13 14 15 16 18 19 21 
Interval 535: 0 1 2 3 4 5 6 7 8 9 10 11 12 14 15 16 18 19 20 21 
Interval 536: 0 1 2 3 4 5 6 7 8 9 10 11 12 13 15 16 17 18 20 21 
Interval 537: 0 1 2 3 4 5 6 7 8 9 11 12 13 15 16 17 18 21 
Interval 538: 0 1 2 3 4 5 6 7 8 9 10 11 12 13 14 15 17 18 20 21 
Interval 539: 0 1 2 3 4 5 6 7 8 9 10 11 12 14 15 16 17 18 19 20 21 
Interval 540: 0 1 2 3 4 5 6 7 8 9 10 11 12 13 14 15 16 17 20 21 
Interval 541: 0 1 2 3 4 5 6 7 8 9 10 11 12 13 14 17 18 19 21 
Interval 542: 0 1 2 3 4 5 6 7 8 9 10 11 12 13 14 15 16 17 18 19 21 
Interval 543: 0 1 2 3 4 5 6 7 8 9 10 11 12 13 14 15 17 20 21 
Interval 544: 0 1 2 3 4 5 6 7 8 9 10 11 12 13 14 15 17 18 19 20 21 
Interval 545: 0 1 2 3 4 5 6 7 8 9 10 11 12 13 14 15 16 18 21 
Interval 546: 0 1 2 3 4 5 6 7 8 9 11 12 13 14 15 16 17 18 19 21 
Interval 547: 0 1 2 3 4 5 6 7 8 9 10 11 12 13 14 15 16 17 18 20 21 
Interval 548: 0 1 2 3 4 5 6 7 8 9 10 11 12 13 15 16 17 18 19 20 21 
Interval 549: 0 1 2 3 4 5 6 7 8 9 10 12 14 15 16 17 18 19 20 21 
Interval 550: 0 1 2 3 4 5 6 7 8 9 10 11 12 13 14 16 17 18 19 20 21 
Interval 551: 0 1 2 3 4 5 6 7 8 9 10 11 12 13 14 15 16 17 19 21 
Interval 552: 0 1 2 3 4 5 6 7 8 9 11 12 14 15 16 17 18 21 
Interval 553: 0 1 2 3 4 5 6 7 8 9 10 11 12 13 14 15 16 17 18 19 21 
Interval 554: 0 1 2 3 4 5 6 7 8 9 10 11 13 14 15 17 20 21 
Interval 555: 0 1 2 3 4 5 6 7 8 9 10 11 12 13 15 16 17 18 19 21 
Interval 556: 0 1 2 3 4 5 6 7 8 9 10 11 12 13 14 15 16 19 20 21 
Interval 557: 0 1 2 3 4 5 6 7 8 9 10 11 12 13 15 16 18 19 20 
Interval 558: 0 1 2 3 4 5 6 7 8 9 10 11 12 13 14 16 17 19 20 
Interval 559: 0 1 2 3 4 5 6 7 8 9 10 11 12 15 16 17 19 20 
Interval 560: 0 1 2 3 4 5 6 7 8 9 10 11 12 13 14 15 17 19 20 
Interval 561: 0 1 2 3 4 5 6 7 8 9 10 11 12 13 14 16 18 20 
Interval 562: 0 1 2 3 4 5 6 7 8 9 10 12 13 14 15 16 18 20 
Interval 563: 0 1 2 3 4 5 6 7 8 9 10 11 12 13 14 15 16 17 20 
Interval 564: 0 1 2 3 4 5 6 7 8 9 10 11 12 13 15 16 17 19 20 
Interval 565: 0 1 2 3 4 5 6 7 8 9 10 11 12 13 15 16 17 18 19 20 
Interval 566: 0 1 2 3 4 5 6 7 8 9 10 12 14 15 16 18 19 20 
Interval 567: 0 1 2 3 4 5 6 7 9 10 11 12 13 14 18 19 20 
Interval 568: 0 1 2 3 4 5 6 7 8 9 10 11 13 14 15 16 17 18 19 20 
Interval 569: 0 1 2 3 4 5 6 7 8 9 10 11 12 13 14 16 17 19 20 
Interval 570: 0 1 2 3 4 5 6 7 8 9 10 11 12 13 14 15 17 18 20 
Interval 571: 0 1 2 3 4 5 6 7 8 9 10 11 12 13 15 16 18 19 20 
Interval 572: 0 1 2 3 4 5 6 7 8 9 10 11 12 14 16 17 19 20 
Interval 573: 0 1 2 3 4 5 6 7 8 9 10 11 13 14 15 19 20 
Interval 574: 0 1 2 3 4 5 6 7 8 9 10 11 12 13 14 15 16 18 20 
Interval 575: 0 1 2 3 4 5 6 7 8 9 10 11 12 13 14 15 16 17 18 20 
Interval 576: 0 1 2 3 4 5 6 7 8 10 11 12 14 15 16 17 20 
Interval 577: 0 1 2 3 4 5 6 7 8 9 10 11 12 13 14 16 17 18 19 20 
Interval 578: 0 1 2 3 4 5 6 7 8 9 10 12 13 14 16 17 18 19 20 
Interval 579: 0 1 2 3 4 5 6 7 8 10 11 12 13 14 15 17 20 
Interval 580: 0 1 2 3 4 5 6 7 8 9 10 11 12 13 14 15 16 17 19 20 
Interval 581: 0 1 2 3 4 5 6 7 9 10 11 12 13 14 18 19 20 
Interval 582: 0 1 2 3 4 5 6 7 8 9 10 11 12 14 16 17 18 19 
Interval 583: 0 1 2 3 4 5 6 7 8 9 10 11 12 13 16 17 18 19 
Interval 584: 0 1 2 3 4 5 6 7 8 9 10 11 12 13 14 15 16 17 18 19 
Interval 585: 0 1 2 3 4 5 6 7 8 9 10 11 12 13 14 16 17 19 
Interval 586: 0 1 2 3 4 5 6 7 8 9 10 11 12 13 14 15 16 18 19 
Interval 587: 0 1 2 3 4 5 6 7 8 9 10 11 12 13 14 15 16 17 18 19 
Interval 588: 0 1 2 3 4 5 6 7 8 9 10 11 12 13 15 16 17 19 
Interval 589: 0 1 2 3 4 5 6 7 9 10 12 13 14 15 18 19 
Interval 590: 0 1 2 3 4 5 6 7 8 9 10 11 12 13 14 15 16 17 18 19 
Interval 591: 0 1 2 3 4 5 6 7 8 9 10 11 13 15 16 17 18 19 
Interval 592: 0 1 2 3 4 5 6 7 8 9 11 12 14 16 17 18 19 
Interval 593: 0 1 2 3 4 5 6 7 8 9 10 11 12 13 14 15 16 17 19 
Interval 594: 0 1 2 3 4 5 6 7 8 10 11 12 13 14 17 19 
Interval 595: 0 1 2 3 4 5 6 7 8 9 10 11 12 13 14 15 16 17 19 
Interval 596: 0 1 2 3 4 5 6 7 8 10 12 13 14 15 16 17 19 
Interval 597: 0 1 2 3 4 5 6 7 8 10 11 12 14 15 16 17 19 
Interval 598: 0 1 2 3 4 5 6 7 8 9 10 11 12 13 14 15 16 17 18 19 
Interval 599: 0 1 2 3 4 5 6 7 8 9 11 12 13 14 15 16 18 19 
Interval 600: 0 1 2 3 4 5 6 7 8 9 10 11 13 14 16 17 18 19 
Interval 601: 0 1 2 3 4 5 6 7 8 9 10 11 12 13 14 16 19 
Interval 602: 0 1 2 3 4 5 6 7 8 9 10 11 12 13 14 15 16 17 18 19 
Interval 603: 0 1 2 3 4 5 6 7 8 9 11 12 13 14 15 16 18 19 
Interval 604: 0 1 2 3 4 5 6 7 8 9 10 11 12 13 14 15 16 17 18 19 
Interval 605: 0 1 2 3 4 5 6 7 8 9 10 11 12 13 15 16 17 18 19 
Interval 606: 0 1 2 3 4 5 6 7 8 10 11 12 13 14 15 17 19 
Interval 607: 0 1 2 3 4 5 6 7 8 9 10 11 13 14 16 18 19 
Interval 608: 0 1 2 3 4 5 6 7 8 9 10 11 12 13 14 15 16 18 
Interval 609: 0 1 2 3 4 5 6 7 8 9 10 11 12 13 14 15 16 18 
Interval 610: 0 1 2 3 4 5 6 7 8 9 10 11 12 14 15 16 17 18 
Interval 611: 0 1 2 3 4 5 6 7 8 9 10 11 12 13 14 15 16 17 18 
Interval 612: 0 1 2 3 4 5 6 7 8 9 10 11 12 13 14 15 16 18 
Interval 613: 0 1 2 3 4 5 6 7 8 9 10 11 12 13 14 15 16 17 18 
Interval 614: 0 1 2 3 4 5 6 7 8 9 10 11 13 14 17 18 
Interval 615: 0 1 2 3 4 5 6 7 8 9 10 11 13 14 15 16 17 18 
Interval 616: 0 1 2 3 4 5 6 7 8 9 10 11 13 14 16 17 18 
Interval 617: 0 1 2 3 4 5 6 7 8 9 10 11 12 13 14 15 17 18 
Interval 618: 0 1 2 3 4 5 6 7 8 9 10 11 12 13 14 15 17 18 
Interval 619: 0 1 2 3 4 5 6 7 8 9 10 11 12 13 14 15 16 17 18 
Interval 620: 0 1 2 3 4 5 6 7 8 9 12 13 14 15 16 17 18 
Interval 621: 0 1 2 3 4 5 6 7 8 9 10 11 12 13 14 16 18 
Interval 622: 0 1 2 3 4 5 6 7 8 9 10 11 12 13 16 18 
Interval 623: 0 1 2 3 4 5 6 7 8 9 10 11 12 13 14 15 16 18 
Interval 624: 0 1 2 3 4 5 6 7 8 9 10 11 12 14 15 16 17 18 
Interval 625: 0 1 2 3 4 5 6 7 8 9 10 11 13 15 16 18 
Interval 626: 0 1 2 3 4 5 6 7 8 9 10 11 12 13 14 15 16 17 18 
Interval 627: 0 1 2 3 4 5 6 7 8 9 10 11 12 13 14 15 16 17 18 
Interval 628: 0 1 2 3 4 5 6 7 8 9 10 11 13 14 15 16 17 18 
Interval 629: 0 1 2 3 4 5 6 7 8 9 10 11 12 13 14 15 16 18 
Interval 630: 0 1 2 3 4 5 6 7 8 9 10 11 13 14 16 18 
Interval 631: 0 1 2 3 4 5 6 7 8 9 10 12 13 14 15 17 18 
Interval 632: 0 1 2 3 4 5 6 7 8 9 10 11 12 13 14 15 17 18 
Interval 633: 0 1 2 3 4 5 6 7 8 9 10 11 12 14 15 17 
Interval 634: 0 1 2 3 4 5 6 7 8 9 10 11 12 13 14 15 17 
Interval 635: 0 1 2 3 4 5 6 7 8 9 10 11 12 13 14 15 16 17 
Interval 636: 0 1 2 3 4 5 6 7 8 9 10 11 12 13 15 16 17 
Interval 637: 0 1 2 3 4 5 6 7 8 9 10 11 13 15 16 17 
Interval 638: 0 1 2 3 4 5 6 7 8 9 10 11 12 13 14 15 16 17 
Interval 639: 0 1 2 3 4 5 6 7 8 9 10 11 12 13 14 15 16 17 
Interval 640: 0 1 2 3 4 5 6 7 8 9 10 11 12 13 14 15 17 
Interval 641: 0 1 2 3 4 5 6 7 8 9 10 11 12 13 14 15 16 17 
Interval 642: 0 1 2 3 4 5 6 7 8 9 10 12 14 16 17 
Interval 643: 0 1 2 3 4 5 6 7 8 9 11 12 13 14 15 16 17 
Interval 644: 0 1 2 3 4 5 6 7 8 9 10 11 12 13 15 17 
Interval 645: 0 1 2 3 4 5 6 7 8 9 10 11 12 13 14 15 16 17 
Interval 646: 0 1 2 3 4 5 6 7 8 9 11 12 13 14 16 17 
Interval 647: 0 1 2 3 4 5 6 7 8 10 11 12 13 14 15 16 17 
Interval 648: 0 1 2 3 4 5 6 7 8 9 10 11 12 13 14 15 16 17 
Interval 649: 0 1 2 3 4 5 6 7 8 9 10 11 12 13 14 15 17 
Interval 650: 0 1 2 3 4 5 6 7 8 9 10 11 12 13 14 16 17 
Interval 651: 0 1 2 3 4 5 6 7 8 9 10 11 12 13 14 15 16 17 
Interval 652: 0 1 2 3 4 5 6 7 8 9 10 11 12 13 14 15 16 17 
Interval 653: 0 1 2 3 4 5 6 7 8 9 10 11 12 14 15 17 
Interval 654: 0 1 2 3 4 5 6 7 8 9 10 11 12 13 14 17 
Interval 655: 0 1 2 3 4 5 6 7 8 9 10 11 13 14 15 16 17 
Interval 656: 0 1 2 3 4 5 6 7 8 9 10 11 12 13 14 15 16 17 
Interval 657: 0 1 2 3 4 5 6 7 8 9 10 11 12 13 14 15 16 17 
Interval 658: 0 1 2 3 4 5 6 8 9 10 11 12 13 16 
Interval 659: 0 1 2 3 4 5 6 7 8 9 10 11 12 14 16 
Interval 660: 0 1 2 3 4 5 6 7 8 9 10 11 12 13 14 15 16 
Interval 661: 0 1 2 3 4 5 6 7 8 9 10 11 12 14 15 16 
Interval 662: 0 1 2 3 4 5 6 7 8 9 10 11 12 13 14 15 16 
Interval 663: 0 1 2 3 4 5 6 7 8 9 10 12 14 15 16 
Interval 664: 0 1 2 3 4 5 6 7 8 9 10 11 12 13 14 15 16 
Interval 665: 0 1 2 3 4 5 6 7 8 9 10 11 12 13 14 15 16 
Interval 666: 0 1 2 3 4 5 6 7 8 9 10 11 12 14 15 16 
Interval 667: 0 1 2 3 4 5 6 7 8 9 10 11 12 13 14 15 16 
Interval 668: 0 1 2 3 4 5 6 7 8 9 10 11 12 14 16 
Interval 669: 0 1 2 3 4 5 6 7 8 9 10 11 12 13 14 16 
Interval 670: 0 1 2 3 4 5 6 7 8 9 10 11 13 15 16 
Interval 671: 0 1 2 3 4 5 6 7 8 10 11 13 14 15 16 
Interval 672: 0 1 2 3 4 5 6 7 8 9 10 11 12 13 15 16 
Interval 673: 0 1 2 3 4 5 6 7 8 10 11 12 13 14 15 16 
Interval 674: 0 1 2 3 4 5 6 7 9 10 11 12 13 15 16 
Interval 675: 0 1 2 3 4 5 6 7 8 9 10 11 12 13 14 16 
Interval 676: 0 1 2 3 4 5 6 7 8 9 10 11 13 14 15 16 
Interval 677: 0 1 2 3 4 5 6 7 8 9 10 11 12 13 15 16 
Interval 678: 0 1 2 3 4 5 6 7 8 9 10 11 13 14 15 16 
Interval 679: 0 1 2 3 4 5 6 7 8 9 10 12 13 14 15 16 
Interval 680: 0 1 2 3 4 5 6 7 8 9 10 11 12 13 14 15 16 
Interval 681: 0 1 2 3 4 5 6 7 8 9 10 11 12 13 14 15 16 
Interval 682: 0 1 2 3 4 5 6 7 8 9 10 11 12 13 14 15 16 
Interval 683: 0 1 2 3 4 6 7 8 9 12 13 14 15 
Interval 684: 0 1 2 3 4 5 6 7 8 9 10 12 13 14 15 
Interval 685: 0 1 2 3 4 5 6 7 8 9 10 11 12 13 14 15 
Interval 686: 0 1 2 3 4 5 6 7 8 9 10 11 12 14 15 
Interval 687: 0 1 2 3 4 5 6 7 8 9 10 11 12 13 14 15 
Interval 688: 0 1 2 3 4 5 6 7 8 9 10 11 12 13 14 15 
Interval 689: 0 1 2 3 4 5 6 7 8 9 10 11 12 13 14 15 
Interval 690: 0 1 2 3 4 5 6 7 8 9 10 12 13 14 15 
Interval 691: 0 1 2 3 4 5 6 7 8 9 11 12 13 14 15 
Interval 692: 0 1 2 3 4 5 6 7 8 10 11 13 14 15 
Interval 693: 0 1 2 3 4 5 6 7 8 9 10 11 12 13 14 15 
Interval 694: 0 1 2 3 4 5 6 7 8 9 11 12 13 14 15 
Interval 695: 0 1 2 3 4 5 6 7 8 9 11 12 13 14 15 
Interval 696: 0 1 2 3 4 5 6 7 8 9 10 11 12 13 14 15 
Interval 697: 0 1 2 3 4 5 6 7 8 9 10 11 12 13 14 15 
Interval 698: 0 1 2 3 4 5 6 7 8 9 10 12 13 14 15 
Interval 699: 0 1 2 3 4 5 6 7 8 9 10 11 13 14 15 
Interval 700: 0 1 2 3 4 5 6 7 8 9 10 11 13 14 15 
Interval 701: 0 1 2 3 4 5 6 7 8 9 10 11 12 13 14 15 
Interval 702: 0 1 2 3 4 5 6 7 8 9 10 11 12 14 15 
Interval 703: 0 1 2 3 4 5 6 7 8 9 10 11 12 14 15 
Interval 704: 0 1 2 3 4 5 6 7 8 9 10 11 12 13 14 15 
Interval 705: 0 1 2 3 4 5 6 7 8 9 10 11 13 14 15 
Interval 706: 0 1 2 3 4 5 6 7 8 9 10 11 12 14 15 
Interval 707: 0 1 2 3 4 5 6 7 8 9 10 11 12 13 14 15 
Interval 708: 0 1 2 3 4 5 6 7 8 9 10 11 12 13 14 
Interval 709: 0 1 2 3 4 5 6 7 8 9 11 12 13 14 
Interval 710: 0 1 2 3 4 5 6 7 8 9 10 11 12 13 14 
Interval 711: 0 1 2 3 4 5 6 7 8 9 10 11 12 13 14 
Interval 712: 0 1 2 3 4 5 6 7 8 9 10 12 14 
Interval 713: 0 1 2 3 4 5 6 7 8 9 10 11 12 13 14 
Interval 714: 0 1 2 3 4 5 6 7 8 9 10 11 12 13 14 
Interval 715: 0 1 2 3 4 5 6 7 8 9 10 11 12 14 
Interval 716: 0 1 2 3 4 5 6 7 8 10 11 12 13 14 
Interval 717: 0 1 2 3 4 5 6 7 8 9 10 11 12 14 
Interval 718: 0 1 2 3 4 5 6 7 8 9 10 11 12 13 14 
Interval 719: 0 1 2 3 4 5 6 7 8 9 10 12 13 14 
Interval 720: 0 1 2 3 4 5 6 7 8 9 10 11 13 14 
Interval 721: 0 1 2 3 4 5 6 7 8 9 10 11 12 14 
Interval 722: 0 1 2 3 4 5 6 7 8 9 10 11 13 14 
Interval 723: 0 1 2 3 4 5 6 7 8 9 10 11 12 13 14 
Interval 724: 0 1 2 3 4 5 6 7 8 9 10 11 12 13 14 
Interval 725: 0 1 2 3 4 5 6 7 8 9 10 11 12 13 14 
Interval 726: 0 1 2 3 4 5 6 7 8 9 10 11 12 14 
Interval 727: 0 1 2 3 4 5 6 7 8 10 11 13 14 
Interval 728: 0 1 2 3 4 5 6 7 8 9 10 11 12 13 14 
Interval 729: 0 1 2 3 4 5 6 7 8 9 10 11 12 13 14 
Interval 730: 0 1 2 3 4 5 6 7 8 9 10 11 12 13 14 
Interval 731: 0 1 2 3 4 5 6 7 8 9 10 11 12 13 14 
Interval 732: 0 1 2 3 4 5 6 7 8 9 10 11 12 13 
Interval 733: 0 1 2 3 4 5 6 7 8 9 10 11 12 13 
Interval 734: 0 1 2 3 4 5 6 7 8 9 10 11 13 
Interval 735: 0 1 2 3 4 5 6 7 8 9 10 11 12 13 
Interval 736: 0 1 2 3 4 5 6 7 8 9 10 11 12 13 
Interval 737: 0 1 2 3 4 5 6 7 8 9 10 11 12 13 
Interval 738: 0 1 2 3 4 5 6 8 9 10 11 12 13 
Interval 739: 0 1 2 3 4 5 6 8 9 10 11 12 13 
Interval 740: 0 1 2 3 4 5 6 7 8 9 10 11 12 13 
Interval 741: 0 1 2 3 4 5 6 7 8 9 10 11 12 13 
Interval 742: 0 1 2 3 4 5 6 7 8 9 10 11 12 13 
Interval 743: 0 1 2 3 4 5 6 7 8 9 10 11 12 13 
Interval 744: 0 1 2 3 4 5 6 7 8 9 10 11 12 13 
Interval 745: 0 1 2 3 4 5 6 7 8 9 10 12 13 
Interval 746: 0 1 2 3 4 5 6 7 8 9 10 11 13 
Interval 747: 0 1 2 3 4 5 6 7 8 9 10 11 12 13 
Interval 748: 0 1 2 3 4 5 6 7 8 9 10 11 12 13 
Interval 749: 0 1 2 3 4 5 6 7 8 9 10 11 12 13 
Interval 750: 0 1 2 3 4 5 6 7 8 9 10 11 12 13 
Interval 751: 0 1 2 3 4 5 6 7 8 9 10 11 12 13 
Interval 752: 0 1 2 3 4 5 6 7 8 9 10 11 12 13 
Interval 753: 0 1 2 3 4 5 6 7 8 9 10 11 13 
Interval 754: 0 1 2 3 4 5 6 7 8 9 11 12 13 
Interval 755: 0 1 2 3 4 5 6 7 8 9 10 11 12 13 
Interval 756: 0 1 2 3 4 5 6 7 8 9 10 11 12 13 
Interval 757: 0 1 2 3 4 5 6 7 8 9 12 
Interval 758: 0 1 2 3 4 5 6 7 8 9 10 11 12 
Interval 759: 0 1 2 3 4 5 6 7 8 9 10 11 12 
Interval 760: 0 1 2 3 4 5 6 7 8 9 10 11 12 
Interval 761: 0 1 2 3 4 5 6 7 9 10 11 12 
Interval 762: 0 1 2 3 4 5 6 7 8 9 10 12 
Interval 763: 0 1 2 3 4 5 6 7 8 9 10 11 12 
Interval 764: 0 1 2 3 4 5 6 7 8 9 10 11 12 
Interval 765: 0 1 2 3 4 5 6 7 8 9 10 12 
Interval 766: 0 1 2 3 4 5 6 7 8 9 10 11 12 
Interval 767: 0 1 2 3 4 5 6 7 8 9 10 11 12 
Interval 768: 0 1 2 3 4 5 6 7 8 9 10 11 12 
Interval 769: 0 1 2 3 4 5 6 7 8 9 10 11 12 
Interval 770: 0 1 2 3 4 5 6 7 8 9 10 11 12 
Interval 771: 0 1 2 3 4 5 6 7 8 9 10 11 12 
Interval 772: 0 1 2 3 4 5 6 7 8 9 10 12 
Interval 773: 0 1 2 3 4 5 6 7 8 10 11 12 
Interval 774: 0 1 2 3 4 5 6 7 8 9 10 11 12 
Interval 775: 0 1 2 3 4 5 6 7 8 9 10 11 12 
Interval 776: 0 1 2 3 4 5 6 7 8 9 10 11 12 
Interval 777: 0 1 2 3 4 5 6 7 8 10 11 12 
Interval 778: 0 1 2 3 4 5 6 7 8 9 10 11 12 
Interval 779: 0 1 2 3 4 5 6 7 8 9 10 11 12 
Interval 780: 0 1 2 3 4 5 6 7 8 9 10 11 12 
Interval 781: 0 1 2 3 4 5 6 7 8 9 10 11 
Interval 782: 0 1 2 3 4 5 6 7 8 9 10 11 
Interval 783: 0 1 2 3 4 5 6 7 8 9 10 11 
Interval 784: 0 1 2 3 4 5 6 7 8 9 10 11 
Interval 785: 0 1 2 3 4 5 6 7 8 10 11 
Interval 786: 0 1 2 3 4 5 6 7 8 9 10 11 
Interval 787: 0 1 2 3 4 5 6 7 8 9 10 11 
Interval 788: 0 1 2 3 4 5 6 7 8 9 10 11 
Interval 789: 0 1 2 3 4 5 6 7 8 9 10 11 
Interval 790: 0 1 2 3 4 5 6 7 8 9 10 11 
Interval 791: 0 1 2 3 4 5 6 7 8 9 10 11 
Interval 792: 0 1 2 3 4 5 6 7 8 9 10 11 
Interval 793: 0 1 2 3 4 5 6 7 8 9 10 11 
Interval 794: 0 1 2 3 4 5 6 7 8 9 10 11 
Interval 795: 0 1 2 3 4 5 6 7 8 9 10 11 
Interval 796: 0 1 2 3 4 5 6 7 8 9 10 11 
Interval 797: 0 1 2 3 4 5 6 7 8 9 10 11 
Interval 798: 0 1 2 3 4 5 6 7 8 10 11 
Interval 799: 0 1 2 3 4 5 6 8 9 10 11 
Interval 800: 0 1 2 3 4 5 6 7 8 10 11 
Interval 801: 0 1 2 3 4 5 6 7 8 9 10 11 
Interval 802: 0 1 2 3 4 5 6 7 8 9 10 11 
Interval 803: 0 1 2 3 4 5 6 8 9 10 11 
Interval 804: 0 1 2 3 4 5 6 7 8 9 10 11 
Interval 805: 0 1 2 3 4 5 6 7 8 9 10 
Interval 806: 0 1 2 3 4 5 6 7 8 9 10 
Interval 807: 0 1 2 3 4 5 6 7 8 9 10 
Interval 808: 0 1 2 3 4 5 6 7 8 9 10 
Interval 809: 0 1 2 3 4 5 6 7 8 9 10 
Interval 810: 0 1 2 3 4 5 6 7 8 9 10 
Interval 811: 0 1 2 3 4 5 6 7 8 9 10 
Interval 812: 0 1 2 3 4 5 6 7 8 9 10 
Interval 813: 0 1 2 3 4 5 6 7 8 9 10 
Interval 814: 0 1 2 3 4 5 6 7 8 9 10 
Interval 815: 0 1 2 3 4 5 6 7 8 9 10 
Interval 816: 0 1 2 3 4 5 6 7 8 9 10 
Interval 817: 0 1 2 3 4 5 6 8 9 10 
Interval 818: 0 1 2 3 4 5 6 7 8 9 10 
Interval 819: 0 1 2 3 4 5 6 7 8 9 10 
Interval 820: 0 1 2 3 4 5 6 7 9 10 
Interval 821: 0 1 2 3 4 5 6 7 9 10 
Interval 822: 0 1 2 3 4 5 6 7 8 9 10 
Interval 823: 0 1 2 3 4 5 6 7 8 9 10 
Interval 824: 0 1 2 3 4 5 6 7 8 9 10 
Interval 825: 0 1 2 3 4 5 6 7 8 9 10 
Interval 826: 0 1 2 3 4 5 6 7 8 9 10 
Interval 827: 0 1 2 3 4 5 6 7 8 9 10 
Interval 828: 0 1 2 3 4 5 6 7 8 9 
Interval 829: 0 1 2 3 4 5 6 7 8 9 
Interval 830: 0 1 2 3 4 5 6 7 8 9 
Interval 831: 0 1 2 3 4 5 6 7 8 9 
Interval 832: 0 1 2 3 4 5 6 7 8 9 
Interval 833: 0 1 2 3 4 5 6 7 8 9 
Interval 834: 0 1 2 3 4 5 6 7 8 9 
Interval 835: 0 1 2 3 4 5 6 7 8 9 
Interval 836: 0 1 2 3 4 5 6 7 8 9 
Interval 837: 0 1 2 3 4 5 6 7 8 9 
Interval 838: 0 1 2 3 4 5 6 7 8 9 
Interval 839: 0 1 2 3 4 5 6 7 8 9 
Interval 840: 0 1 2 3 4 5 6 7 8 9 
Interval 841: 0 1 2 3 4 5 6 7 8 9 
Interval 842: 0 1 2 3 4 5 6 7 8 9 
Interval 843: 0 1 2 3 4 5 6 7 8 9 
Interval 844: 0 1 2 3 4 5 6 7 8 9 
Interval 845: 0 1 2 3 4 5 6 7 8 9 
Interval 846: 0 1 2 3 4 5 6 7 8 9 
Interval 847: 0 1 2 3 4 5 6 7 8 9 
Interval 848: 0 1 2 3 4 5 6 7 8 9 
Interval 849: 0 1 2 3 4 5 6 7 8 9 
Interval 850: 0 1 2 3 4 5 6 7 8 9 
Interval 851: 0 1 2 3 4 5 6 7 8 9 
Interval 852: 0 1 2 3 4 5 6 7 8 
Interval 853: 0 1 2 3 4 5 6 7 8 
Interval 854: 0 1 2 3 4 5 6 7 8 
Interval 855: 0 1 2 3 4 5 6 7 8 
Interval 856: 0 1 2 3 4 5 6 7 8 
Interval 857: 0 1 2 3 4 5 6 7 8 
Interval 858: 0 1 2 3 4 5 6 7 8 
Interval 859: 0 1 2 3 4 5 6 7 8 
Interval 860: 0 1 2 3 4 5 6 7 8 
Interval 861: 0 1 2 3 4 5 6 7 8 
Interval 862: 0 1 2 3 4 5 6 7 8 
Interval 863: 0 1 2 3 4 5 6 7 8 
Interval 864: 0 1 2 3 4 5 6 7 8 
Interval 865: 0 1 2 3 4 5 6 7 8 
Interval 866: 0 1 2 3 4 5 6 7 8 
Interval 867: 0 1 2 3 4 5 6 7 8 
Interval 868: 0 1 2 3 4 5 6 7 8 
Interval 869: 0 1 2 3 4 5 6 7 8 
Interval 870: 0 1 2 3 4 5 6 7 8 
Interval 871: 0 1 2 3 4 5 6 7 8 
Interval 872: 0 1 2 3 4 5 6 7 8 
Interval 873: 0 1 2 3 4 5 6 7 8 
Interval 874: 0 1 2 3 4 5 6 7 8 
Interval 875: 0 1 2 3 4 5 6 7 
Interval 876: 0 1 2 3 4 5 6 7 
Interval 877: 0 1 2 3 4 5 6 7 
Interval 878: 0 1 2 3 4 5 6 7 
Interval 879: 0 1 2 3 4 5 6 7 
Interval 880: 0 1 2 3 4 5 6 7 
Interval 881: 0 1 2 3 4 5 6 7 
Interval 882: 0 1 2 3 4 5 6 7 
Interval 883: 0 1 2 3 4 5 6 7 
Interval 884: 0 1 2 3 4 5 6 7 
Interval 885: 0 1 2 3 4 5 6 7 
Interval 886: 0 1 2 3 4 5 6 7 
Interval 887: 0 1 2 3 4 5 6 7 
Interval 888: 0 1 2 3 4 5 6 7 
Interval 889: 0 1 2 3 4 5 6 7 
Interval 890: 0 1 2 3 4 5 6 7 
Interval 891: 0 1 2 3 4 5 6 7 
Interval 892: 0 1 2 3 4 5 6 7 
Interval 893: 0 1 2 3 4 5 6 7 
Interval 894: 0 1 2 3 4 5 6 7 
Interval 895: 0 1 2 3 4 5 6 7 
Interval 896: 0 1 2 3 4 5 6 7 
Interval 897: 0 1 2 3 4 5 6 
Interval 898: 0 1 2 3 4 5 6 
Interval 899: 0 1 2 3 4 5 6 
Interval 900: 0 1 2 3 4 5 6 
Interval 901: 0 1 2 3 4 5 6 
Interval 902: 0 1 2 3 4 5 6 
Interval 903: 0 1 2 3 4 5 6 
Interval 904: 0 1 2 3 4 5 6 
Interval 905: 0 1 2 3 4 5 6 
Interval 906: 0 1 2 3 4 5 6 
Interval 907: 0 1 2 3 4 5 6 
Interval 908: 0 1 2 3 4 5 6 
Interval 909: 0 1 2 3 4 5 6 
Interval 910: 0 1 2 3 4 5 6 
Interval 911: 0 1 2 3 4 5 6 
Interval 912: 0 1 2 3 4 5 6 
Interval 913: 0 1 2 3 4 5 6 
Interval 914: 0 1 2 3 4 5 6 
Interval 915: 0 1 2 3 4 5 6 
Interval 916: 0 1 2 3 4 5 6 
Interval 917: 0 1 2 3 4 5 6 
Interval 918: 0 1 2 3 4 5 6 
Interval 919: 0 1 2 3 4 5 
Interval 920: 0 1 2 3 4 5 
Interval 921: 0 1 2 3 4 5 
Interval 922: 0 1 2 3 4 5 
Interval 923: 0 1 2 3 4 5 
Interval 924: 0 1 2 3 4 5 
Interval 925: 0 1 2 3 4 5 
Interval 926: 0 1 2 3 4 5 
Interval 927: 0 1 2 3 4 5 
Interval 928: 0 1 2 3 4 5 
Interval 929: 0 1 2 3 4 5 
Interval 930: 0 1 2 3 4 5 
Interval 931: 0 1 2 3 4 5 
Interval 932: 0 1 2 3 4 5 
Interval 933: 0 1 2 3 4 5 
Interval 934: 0 1 2 3 4 5 
Interval 935: 0 1 2 3 4 5 
Interval 936: 0 1 2 3 4 5 
Interval 937: 0 1 2 3 4 5 
Interval 938: 0 1 2 3 4 5 
Interval 939: 0 1 2 3 4 5 
Interval 940: 0 1 2 3 4 5 
Interval 941: 0 1 2 3 4 
Interval 942: 0 1 2 3 4 
Interval 943: 0 1 2 3 4 
Interval 944: 0 1 2 3 4 
Interval 945: 0 1 2 3 4 
Interval 946: 0 1 2 3 4 
Interval 947: 0 1 2 3 4 
Interval 948: 0 1 2 3 4 
Interval 949: 0 1 2 3 4 
Interval 950: 0 1 2 3 4 
Interval 951: 0 1 2 3 4 
Interval 952: 0 1 2 3 4 
Interval 953: 0 1 2 3 4 
Interval 954: 0 1 2 3 4 
Interval 955: 0 1 2 3 4 
Interval 956: 0 1 2 3 4 
Interval 957: 0 1 2 3 4 
Interval 958: 0 1 2 3 4 
Interval 959: 0 1 2 3 4 
Interval 960: 0 1 2 3 4 
Interval 961: 0 1 2 3 4 
Interval 962: 0 1 2 3 
Interval 963: 0 1 2 3 
Interval 964: 0 1 2 3 
Interval 965: 0 1 2 3 
Interval 966: 0 1 2 3 
Interval 967: 0 1 2 3 
Interval 968: 0 1 2 3 
Interval 969: 0 1 2 3 
Interval 970: 0 1 2 3 
Interval 971: 0 1 2 3 
Interval 972: 0 1 2 3 
Interval 973: 0 1 2 3 
Interval 974: 0 1 2 3 
Interval 975: 0 1 2 3 
Interval 976: 0 1 2 3 
Interval 977: 0 1 2 3 
Interval 978: 0 1 2 3 
Interval 979: 0 1 2 3 
Interval 980: 0 1 2 3 
Interval 981: 0 1 2 3 
Interval 982: 0 1 2 3 
Interval 983: 0 1 2 
Interval 984: 0 1 2 
Interval 985: 0 1 2 
Interval 986: 0 1 2 
Interval 987: 0 1 2 
Interval 988: 0 1 2 
Interval 989: 0 1 2 
Interval 990: 0 1 2 
Interval 991: 0 1 2 
Interval 992: 0 1 2 
Interval 993: 0 1 2 
Interval 994: 0 1 2 
Interval 995: 0 1 2 
Interval 996: 0 1 2 
Interval 997: 0 1 2 
Interval 998: 0 1 2 
Interval 999: 0 1 2 
Interval 1000: 0 1 2 
Interval 1001: 0 1 2 
Interval 1002: 0 1 
Interval 1003: 0 1 
Interval 1004: 0 1 
Interval 1005: 0 1 
Interval 1006: 0 1 
Interval 1007: 0 1 
Interval 1008: 0 1 
Interval 1009: 0 1 
Interval 1010: 0 1 
Interval 1011: 0 1 
Interval 1012: 0 1 
Interval 1013: 0 1 
Interval 1014: 0 1 
Interval 1015: 0 1 
Interval 1016: 0 1 
Interval 1017: 0 1 
Interval 1018: 0 1 
Interval 1019: 0 1 
Interval 1020: 0 
Interval 1021: 0 
Interval 1022: 0 
Interval 1023: 0 
Interval 1024: 0 
Interval 1025: 0 
Interval 1026: 0 
Interval 1027: 0 
Interval 1028: 0 
Interval 1029: 0 
Interval 1030: 0 
Interval 1031: 0 
Interval 1032: 0 
