Interval 1: 0 1 2 3 4 5 6 7 
Interval 2: 7 8 9 10 11 12 13 14 15 
Interval 3: 15 16 17 18 19 20 21 22 23 
Interval 4: 23 24 25 26 27 28 29 30 31 
Interval 5: 19 31 32 33 34 35 36 37 38 39 
Interval 6: 18 19 36 37 38 
Interval 7: 16 17 18 33 34 35 36 
Interval 8: 15 16 31 32 33 
Interval 9: 14 15 29 30 31 
Interval 10: 13 14 26 27 28 29 
Interval 11: 12 13 24 25 26 
Interval 12: 10 11 12 21 22 23 24 
Interval 13: 9 10 19 20 21 38 39 
Interval 14: 9 18 19 36 37 38 
Interval 15: 8 9 17 18 34 35 36 
Interval 16: 7 8 15 16 17 31 32 33 34 
Interval 17: 7 14 15 29 30 31 
Interval 18: 6 7 13 14 26 27 28 29 
Interval 19: 6 12 13 24 25 26 
Interval 20: 5 6 10 11 12 21 22 23 24 
Interval 21: 4 5 9 10 19 20 21 38 39 
Interval 22: 4 8 9 17 18 19 35 36 37 38 
Interval 23: 4 8 16 17 32 33 34 35 
Interval 24: 3 4 7 8 14 15 16 29 30 31 32 
Interval 25: 3 6 7 13 14 26 27 28 29 
Interval 26: 2 3 5 6 11 12 13 22 23 24 25 26 
Interval 27: 2 4 5 9 10 11 19 20 21 22 
Interval 28: 2 4 8 9 17 18 19 34 35 36 37 38 39 
Interval 29: 1 2 3 4 7 8 14 15 16 17 29 30 31 32 33 34 
Interval 30: 1 3 6 7 12 13 14 25 26 27 28 29 
Interval 31: 1 2 3 5 6 10 11 12 20 21 22 23 24 25 
Interval 32: 1 2 4 5 8 9 10 16 17 18 19 20 33 34 35 36 37 38 39 
Interval 33: 0 1 2 3 4 6 7 8 12 13 14 15 16 25 26 27 28 29 30 31 32 
Interval 34: 0 1 2 3 4 5 6 9 10 11 12 18 19 20 21 22 23 24 25 37 38 
Interval 35: 0 1 2 3 4 6 7 8 9 12 13 14 15 16 17 18 25 26 27 28 29 30 31 32 33 34 35 36 
Interval 36: 0 1 2 3 4 5 6 7 8 9 10 11 12 14 15 16 17 18 19 20 21 22 23 24 28 29 30 31 32 33 34 35 36 37 38 39 
Interval 37: 0 1 2 3 4 5 6 7 8 9 10 11 12 13 14 15 16 17 18 19 20 21 22 23 24 25 26 27 29 31 32 33 34 35 36 37 38 
Interval 38: 0 1 2 3 4 5 6 7 8 9 10 11 12 13 14 15 16 17 18 19 20 22 23 24 26 27 28 29 30 31 32 35 36 37 38 39 
Interval 39: 0 1 2 3 4 5 6 7 8 9 10 11 12 13 14 15 16 17 18 19 20 23 24 26 28 29 30 31 32 33 34 35 36 37 38 39 
Interval 40: 0 1 2 3 4 5 6 7 8 9 10 11 12 13 14 15 16 17 18 19 21 23 24 25 26 27 28 29 30 31 32 33 34 35 37 38 
Interval 41: 0 1 2 3 4 5 6 7 8 9 10 11 12 13 14 15 16 17 18 19 20 21 22 24 25 27 28 29 30 32 33 34 35 36 38 
Interval 42: 0 1 2 3 4 5 6 7 8 9 10 11 12 14 15 16 17 18 19 20 21 23 24 25 29 30 32 33 34 35 36 37 38 
Interval 43: 0 1 2 3 4 5 6 7 8 9 10 11 12 13 14 15 16 17 18 19 22 24 26 27 28 29 30 31 32 33 34 35 36 37 38 
Interval 44: 0 1 2 3 4 5 6 7 8 9 10 11 12 13 14 15 16 17 18 19 20 21 22 23 25 29 30 31 32 33 34 35 36 37 38 
Interval 45: 0 1 2 3 4 5 6 7 8 9 10 11 12 13 14 15 16 17 18 19 20 21 23 24 26 28 29 30 31 32 34 35 36 37 38 
Interval 46: 0 1 2 3 4 5 6 7 8 9 10 11 12 13 14 15 16 17 18 19 20 21 22 23 25 26 28 29 30 31 32 33 34 35 36 37 38 
Interval 47: 0 1 2 3 4 5 6 7 8 9 10 11 12 13 14 15 16 17 19 21 22 23 24 26 27 28 29 31 33 34 35 38 
Interval 48: 0 1 2 3 4 5 6 7 8 9 10 11 12 13 14 15 16 17 18 19 21 22 23 24 26 27 28 29 30 31 32 33 34 35 36 38 
Interval 49: 0 1 2 3 4 5 6 7 8 9 10 11 12 13 14 15 16 17 18 19 21 22 23 24 25 26 27 28 29 30 31 32 33 34 36 37 38 
Interval 50: 0 1 2 3 4 5 6 7 8 9 10 11 12 13 14 15 16 17 18 19 20 22 24 25 26 27 28 29 30 32 34 35 36 37 38 
Interval 51: 0 1 2 3 4 5 6 7 8 9 10 11 12 13 14 15 16 17 18 19 20 21 22 23 24 25 26 28 29 30 31 32 34 35 36 37 38 
Interval 52: 0 1 2 3 4 5 6 7 8 9 10 11 12 13 14 15 16 17 18 19 20 21 22 23 24 25 26 27 29 32 33 34 35 36 37 38 
Interval 53: 0 1 2 3 4 5 6 7 8 9 10 11 12 13 14 15 16 17 18 19 20 23 24 25 26 27 28 29 30 31 32 33 34 35 37 38 
Interval 54: 0 1 2 3 4 5 6 7 8 9 10 11 12 13 15 16 17 18 19 22 23 24 25 27 30 32 33 34 35 36 37 
Interval 55: 0 1 2 3 4 5 6 7 8 9 10 11 12 13 14 15 16 17 18 19 22 23 24 25 26 29 30 33 34 35 36 37 
Interval 56: 0 1 2 3 4 5 6 7 8 9 10 11 12 13 14 15 16 17 18 19 21 23 24 25 26 28 29 30 32 33 34 35 36 37 
Interval 57: 0 1 2 3 4 5 6 7 8 9 10 11 12 13 14 15 16 17 18 19 20 21 22 24 25 26 28 29 30 31 34 35 36 37 
Interval 58: 0 1 2 3 4 5 6 7 8 9 10 11 12 13 14 15 16 17 19 20 21 22 23 24 26 27 28 29 30 31 32 33 35 37 
Interval 59: 0 1 2 3 4 5 6 7 8 9 10 11 12 13 14 15 16 17 18 19 21 22 23 24 25 26 27 29 30 31 33 34 36 37 
Interval 60: 0 1 2 3 4 5 6 7 8 9 10 11 12 13 14 15 16 17 18 19 20 21 22 23 24 25 27 28 29 30 31 32 33 35 36 37 
Interval 61: 0 1 2 3 4 5 6 7 8 9 10 11 12 13 14 15 17 18 19 20 21 22 23 26 27 28 29 30 31 34 35 36 37 
Interval 62: 0 1 2 3 4 5 6 7 8 9 10 11 12 13 14 15 16 17 18 19 20 21 22 23 24 25 28 29 30 32 34 35 37 
Interval 63: 0 1 2 3 4 5 6 7 8 9 10 11 12 13 14 15 16 17 18 20 21 22 23 24 26 28 29 30 31 32 33 35 36 37 
Interval 64: 0 1 2 3 4 5 6 7 8 9 10 11 12 13 14 15 16 17 18 19 20 21 22 23 24 25 27 28 29 30 31 32 34 35 37 
Interval 65: 0 1 2 3 4 5 6 7 8 9 10 11 12 13 14 15 16 17 18 20 21 23 25 26 28 29 30 31 32 34 35 36 37 
Interval 66: 0 1 2 3 4 5 6 7 8 9 10 11 12 13 14 15 16 17 18 19 20 21 22 23 24 25 26 30 31 32 33 34 35 36 37 
Interval 67: 0 1 2 3 4 5 6 7 8 9 10 11 12 13 14 15 16 17 18 19 20 22 23 24 25 26 27 28 29 31 32 33 34 35 36 
Interval 68: 0 1 2 3 4 5 6 7 8 9 10 11 12 13 15 16 17 18 19 20 22 24 25 26 30 31 33 34 35 36 
Interval 69: 0 1 2 3 4 5 6 7 8 9 10 11 12 13 14 15 16 17 18 19 20 21 23 24 25 26 27 29 31 32 35 36 
Interval 70: 0 1 2 3 4 5 6 7 8 9 10 11 12 13 14 15 16 17 18 19 20 21 22 24 26 27 29 30 32 33 36 
Interval 71: 0 1 2 3 4 5 6 7 8 9 10 11 12 13 14 15 16 17 18 19 20 21 22 23 24 26 27 28 30 31 33 34 35 36 
Interval 72: 0 1 2 3 4 5 6 7 8 9 10 11 12 13 14 15 16 17 18 19 20 21 22 24 25 26 27 28 29 30 33 34 35 36 
Interval 73: 0 1 2 3 4 5 6 7 8 9 10 11 12 13 14 15 16 17 18 19 21 23 24 25 26 27 28 29 31 32 33 34 36 
Interval 74: 0 1 2 3 4 5 6 7 8 9 10 11 12 13 14 15 16 17 18 19 20 22 23 24 25 26 27 28 29 30 32 33 34 35 36 
Interval 75: 0 1 2 3 4 5 6 7 8 9 10 11 12 13 14 15 16 17 18 19 21 23 24 26 27 29 30 31 32 33 34 35 36 
Interval 76: 0 1 2 3 4 5 6 7 8 9 10 11 12 13 14 15 16 17 18 19 20 21 22 23 24 25 27 28 30 31 33 34 35 36 
Interval 77: 0 1 2 3 4 5 6 7 8 9 10 11 12 13 14 15 16 17 18 19 20 21 22 23 24 26 27 29 30 31 32 33 34 35 36 
Interval 78: 0 1 2 3 4 5 6 7 8 9 10 11 12 13 14 15 16 17 18 20 21 22 23 24 25 26 27 28 29 30 31 32 33 34 35 36 
Interval 79: 0 1 2 3 4 5 6 7 8 9 10 11 12 13 14 15 16 17 18 19 21 22 23 24 25 26 27 28 29 30 31 33 34 35 36 
Interval 80: 0 1 2 3 4 5 6 7 8 9 10 11 12 13 14 15 16 17 18 19 20 21 22 24 26 27 28 31 32 33 34 35 36 
Interval 81: 0 1 2 3 4 5 6 7 8 9 10 11 12 13 14 15 16 17 18 19 20 21 23 24 25 26 27 28 29 32 34 35 
Interval 82: 0 1 2 3 4 5 6 7 8 9 10 11 12 13 14 15 16 17 18 19 20 21 22 23 24 25 26 27 29 30 32 33 34 35 
Interval 83: 0 1 2 3 4 5 6 7 8 9 10 11 12 13 14 15 16 17 18 19 20 21 22 23 25 26 27 28 30 31 32 34 35 
Interval 84: 0 1 2 3 4 5 6 7 8 9 10 11 12 13 14 15 16 17 18 19 20 22 24 26 27 28 29 31 32 33 34 35 
Interval 85: 0 1 2 3 4 5 6 7 8 9 10 11 12 13 14 15 16 17 18 19 20 21 22 23 24 25 26 27 29 30 31 32 34 35 
Interval 86: 0 1 2 3 4 5 6 7 8 9 10 11 12 13 14 15 16 17 18 19 20 21 22 23 24 25 27 28 29 30 31 32 33 35 
Interval 87: 0 1 2 3 4 5 6 7 8 9 10 11 12 13 14 15 16 17 18 19 20 21 22 23 24 25 26 28 30 31 32 33 34 35 
Interval 88: 0 1 2 3 4 5 6 7 8 9 10 11 12 13 14 15 16 17 18 19 21 23 24 26 27 28 29 30 31 32 33 34 35 
Interval 89: 0 1 2 3 4 5 6 7 8 9 10 11 12 13 14 15 16 17 18 22 23 24 25 26 27 28 29 30 31 32 33 34 35 
Interval 90: 0 1 2 3 4 5 6 7 8 9 10 11 12 13 14 15 16 17 18 19 20 21 23 24 26 27 30 33 34 35 
Interval 91: 0 1 2 3 4 5 6 7 8 9 10 11 12 13 14 15 16 17 18 19 20 21 23 24 25 26 27 28 29 30 32 33 34 35 
Interval 92: 0 1 2 3 4 5 6 7 8 9 10 11 12 13 14 15 16 17 18 19 21 23 24 25 26 28 29 30 33 34 35 
Interval 93: 0 1 2 3 4 5 6 7 8 9 10 11 12 13 14 15 16 17 18 19 20 21 22 23 24 25 26 27 28 29 30 31 32 33 34 35 
Interval 94: 0 1 2 3 4 5 6 7 8 9 10 11 12 13 14 15 16 17 18 19 20 22 24 25 27 29 30 31 32 33 34 35 
Interval 95: 0 1 2 3 4 5 6 7 8 9 11 12 13 14 15 16 17 18 19 23 24 25 26 27 28 29 31 32 33 34 
Interval 96: 0 1 2 3 4 5 6 7 8 9 10 11 12 13 14 15 16 17 18 19 20 21 23 24 25 26 27 29 30 31 33 34 
Interval 97: 0 1 2 3 4 5 6 7 8 9 10 11 12 13 14 15 16 17 18 19 22 23 24 27 28 30 31 32 33 34 
Interval 98: 0 1 2 3 4 5 6 7 8 9 10 11 12 13 14 15 16 17 18 19 20 21 22 23 24 25 26 27 28 29 30 31 32 34 
Interval 99: 0 1 2 3 4 5 6 7 8 9 10 11 12 13 14 15 16 17 18 19 20 21 22 23 24 25 27 29 31 32 33 34 
Interval 100: 0 1 2 3 4 5 6 7 8 9 10 11 12 13 15 16 17 18 20 21 22 23 24 25 27 30 32 33 34 
Interval 101: 0 1 2 3 4 5 6 7 8 9 10 11 12 13 14 15 16 17 18 19 20 21 22 23 24 27 29 30 31 32 33 34 
Interval 102: 0 1 2 3 4 5 6 7 8 9 10 11 12 13 14 15 16 17 18 19 20 23 24 25 26 27 28 29 30 31 32 33 34 
Interval 103: 0 1 2 3 4 5 6 7 8 9 10 11 12 13 14 15 16 17 18 19 20 21 22 24 25 26 27 28 29 30 31 32 34 
Interval 104: 0 1 2 3 4 5 6 7 8 9 10 11 12 13 15 16 17 18 19 20 21 22 23 24 25 26 27 30 32 34 
Interval 105: 0 1 2 3 4 5 6 7 8 9 10 11 12 13 14 15 16 17 18 19 20 23 24 25 26 27 28 30 31 33 34 
Interval 106: 0 1 2 3 4 5 6 7 8 9 10 11 12 13 14 15 16 17 18 19 20 22 23 24 25 26 27 28 29 30 31 32 33 34 
Interval 107: 0 1 2 3 4 5 6 7 8 9 10 11 12 13 14 15 16 17 18 19 20 22 23 25 27 28 29 30 31 32 33 34 
Interval 108: 0 1 2 3 4 5 6 7 8 9 10 11 12 13 14 15 16 17 18 19 20 21 22 23 24 26 28 29 30 32 33 
Interval 109: 0 1 2 3 4 5 6 7 8 9 10 11 12 13 14 15 16 17 18 19 20 22 23 24 25 26 27 28 29 30 32 33 
Interval 110: 0 1 2 3 4 5 6 7 8 9 10 11 12 13 14 15 16 17 18 19 20 21 22 23 26 27 28 30 33 
Interval 111: 0 1 2 3 4 5 6 7 8 9 10 11 12 13 14 15 16 17 18 19 20 21 22 23 24 25 27 29 31 32 33 
Interval 112: 0 1 2 3 4 5 6 7 8 9 10 11 12 13 14 15 16 17 19 21 22 23 25 26 27 28 29 30 31 32 33 
Interval 113: 0 1 2 3 4 5 6 7 8 9 10 11 12 13 14 15 16 17 18 19 20 22 24 25 27 28 30 31 32 33 
Interval 114: 0 1 2 3 4 5 6 7 8 9 10 11 12 13 14 15 16 17 18 21 22 23 24 25 26 27 28 30 31 33 
Interval 115: 0 1 2 3 4 5 6 7 8 9 10 11 12 13 14 15 17 18 19 20 22 23 24 25 26 28 29 30 31 33 
Interval 116: 0 1 2 3 4 5 6 7 8 9 10 11 12 13 14 15 16 17 18 19 21 22 23 24 25 26 27 28 29 30 32 33 
Interval 117: 0 1 2 3 4 5 6 7 8 9 10 11 12 13 14 15 16 17 18 19 20 21 22 23 25 26 27 28 29 30 31 32 33 
Interval 118: 0 1 2 3 4 5 6 7 8 9 10 12 13 14 15 16 17 18 19 21 24 25 26 28 29 30 31 32 33 
Interval 119: 0 1 2 3 4 5 6 7 8 9 10 11 12 13 14 15 16 17 18 19 22 24 25 26 27 28 29 30 31 32 33 
Interval 120: 0 1 2 3 4 5 6 7 8 9 10 11 12 13 14 15 16 17 18 20 21 23 24 25 26 27 28 29 30 31 32 33 
Interval 121: 0 1 2 3 4 5 6 7 8 9 10 11 12 13 14 15 16 17 18 19 20 21 22 23 24 25 26 27 28 30 32 
Interval 122: 0 1 2 3 4 5 6 7 8 9 10 11 12 13 14 15 16 17 18 19 21 22 24 25 26 27 28 29 30 31 32 
Interval 123: 0 1 2 3 4 5 6 7 8 9 10 11 12 13 14 15 16 17 18 19 20 21 22 23 24 25 26 27 28 29 31 32 
Interval 124: 0 1 2 3 4 5 6 7 8 9 10 11 12 13 14 16 17 18 19 20 21 23 24 25 26 27 28 29 32 
Interval 125: 0 1 2 3 4 5 6 7 8 9 10 11 12 13 14 15 16 17 18 19 20 21 22 24 25 26 27 28 31 32 
Interval 126: 0 1 2 3 4 5 6 7 8 9 10 12 13 14 15 16 17 18 19 21 24 25 27 28 31 32 
Interval 127: 0 1 2 3 4 5 6 7 8 9 10 11 12 13 14 15 16 17 18 20 21 22 23 24 25 26 27 31 32 
Interval 128: 0 1 2 3 4 5 6 7 8 9 10 11 12 13 14 15 16 17 18 19 20 21 22 23 24 25 27 28 29 32 
Interval 129: 0 1 2 3 4 5 6 7 8 9 10 11 12 13 14 15 16 17 18 20 21 22 23 24 25 26 27 29 30 32 
Interval 130: 0 1 2 3 4 5 6 7 8 9 10 11 12 13 14 15 16 17 18 19 21 22 24 26 29 31 32 
Interval 131: 0 1 2 3 4 5 6 7 8 9 10 11 12 13 14 15 16 17 18 21 22 23 24 25 27 28 29 30 31 32 
Interval 132: 0 1 2 3 4 5 6 7 8 9 10 11 12 13 14 15 16 17 18 19 21 22 23 27 28 29 30 31 32 
Interval 133: 0 1 2 3 4 5 6 7 8 9 10 11 12 13 14 15 16 17 18 19 20 21 23 24 25 26 27 28 29 30 31 32 
Interval 134: 0 1 2 3 4 5 6 7 8 9 10 11 12 13 14 15 16 17 18 19 21 22 23 25 26 27 28 29 30 31 32 
Interval 135: 0 1 2 3 4 5 6 7 8 9 10 11 12 13 14 15 16 17 18 19 20 21 22 23 24 25 26 28 29 30 31 
Interval 136: 0 1 2 3 4 5 6 7 8 9 10 11 12 13 14 15 16 17 18 21 22 23 25 27 28 29 31 
Interval 137: 0 1 2 3 4 5 6 7 8 9 10 11 12 13 14 15 16 17 18 19 20 21 22 23 24 25 26 28 29 30 31 
Interval 138: 0 1 2 3 4 5 6 7 8 9 10 11 12 13 14 15 16 17 18 19 20 21 22 23 24 25 26 27 28 29 30 31 
Interval 139: 0 1 2 3 4 5 6 7 8 9 10 11 12 13 14 15 16 17 18 19 20 21 22 23 25 26 27 29 31 
Interval 140: 0 1 2 3 4 5 6 7 8 9 10 11 12 13 14 15 16 18 19 20 21 22 23 24 26 27 28 29 30 31 
Interval 141: 0 1 2 3 4 5 6 7 8 9 10 11 12 13 14 15 16 17 18 19 20 22 24 26 28 29 30 31 
Interval 142: 0 1 2 3 4 5 6 7 8 9 10 11 12 13 14 15 16 17 18 19 20 23 24 25 27 28 29 31 
Interval 143: 0 1 2 3 4 5 6 7 8 9 10 11 12 13 14 15 16 17 18 19 20 21 23 24 26 27 28 29 30 31 
Interval 144: 0 1 2 3 4 5 6 7 8 9 10 11 12 13 14 15 16 17 18 19 20 21 22 23 24 25 26 28 29 31 
Interval 145: 0 1 2 3 4 5 6 7 8 9 10 11 12 13 14 15 16 17 18 19 20 21 22 23 24 26 27 28 30 31 
Interval 146: 0 1 2 3 4 5 6 7 8 9 10 11 12 13 14 15 16 17 18 19 20 21 22 23 24 26 27 28 31 
Interval 147: 0 1 2 3 4 5 6 7 8 9 10 11 12 13 14 15 16 17 18 19 20 22 23 24 25 26 28 29 30 31 
Interval 148: 0 1 2 3 4 5 6 7 8 9 10 11 12 13 14 15 16 17 18 19 20 21 23 24 26 27 28 29 30 
Interval 149: 0 1 2 3 4 5 6 7 8 9 10 11 12 13 14 15 16 17 18 19 21 22 23 24 26 27 28 29 30 
Interval 150: 0 1 2 3 4 5 6 7 8 9 10 11 12 13 14 15 16 17 18 19 20 23 24 25 26 27 29 30 
Interval 151: 0 1 2 3 4 5 6 7 8 9 10 11 12 13 14 15 16 17 18 19 20 21 23 24 25 26 27 28 29 30 
Interval 152: 0 1 2 3 4 5 6 7 8 9 10 11 12 13 14 15 16 17 18 19 20 21 22 23 24 25 26 27 28 29 30 
Interval 153: 0 1 2 3 4 5 6 7 8 9 11 12 13 14 15 16 17 18 19 23 24 25 26 27 28 29 30 
Interval 154: 0 1 2 3 4 5 6 7 8 9 10 11 12 13 14 15 16 17 18 19 20 21 22 24 25 26 27 28 29 30 
Interval 155: 0 1 2 3 4 5 6 7 8 9 10 11 12 13 14 15 16 17 18 19 21 22 23 25 26 27 28 29 30 
Interval 156: 0 1 2 3 4 5 6 7 8 9 10 11 12 13 14 15 16 17 18 19 20 21 22 24 25 26 27 28 29 30 
Interval 157: 0 1 2 3 4 5 6 7 8 9 10 11 12 13 14 15 16 17 18 19 20 21 23 24 25 26 27 28 29 30 
Interval 158: 0 1 2 3 4 5 6 7 8 9 10 11 12 13 14 15 16 17 18 19 21 22 24 25 26 27 28 29 30 
Interval 159: 0 1 2 3 4 5 6 7 8 9 10 11 12 13 14 15 16 17 18 19 20 21 22 23 24 26 27 28 29 30 
Interval 160: 0 1 2 3 4 5 6 7 8 9 10 11 12 13 14 15 16 17 18 19 20 22 23 24 25 26 27 29 30 
Interval 161: 0 1 2 3 4 5 6 7 8 9 10 11 12 13 14 15 16 17 18 20 21 23 24 25 26 28 29 30 
Interval 162: 0 1 2 3 4 5 6 7 8 9 10 11 12 13 14 15 16 17 18 19 21 22 23 24 25 27 28 29 
Interval 163: 0 1 2 3 4 5 6 7 8 9 10 11 12 13 14 15 16 17 18 19 20 22 24 25 26 27 28 29 
Interval 164: 0 1 2 3 4 5 6 7 8 9 10 11 12 13 14 15 17 18 19 20 22 23 24 25 27 28 29 
Interval 165: 0 1 2 3 4 5 6 7 8 9 10 11 12 13 14 15 16 17 18 19 21 23 24 25 26 27 28 29 
Interval 166: 0 1 2 3 4 5 6 7 8 9 10 11 12 13 14 15 16 17 18 19 21 22 23 25 26 28 29 
Interval 167: 0 1 2 3 4 5 6 7 8 9 10 11 12 13 14 15 16 17 18 19 20 21 22 23 24 25 27 29 
Interval 168: 0 1 2 3 4 5 6 7 8 9 10 12 13 14 15 16 17 18 19 20 21 24 25 26 27 29 
Interval 169: 0 1 2 3 4 5 6 7 8 9 10 11 12 13 14 15 16 17 18 19 20 22 23 24 25 27 28 29 
Interval 170: 0 1 2 3 4 5 6 7 8 9 10 11 12 13 14 15 16 17 18 19 20 21 22 23 24 25 26 27 29 
Interval 171: 0 1 2 3 4 5 6 7 8 9 10 11 12 13 14 15 16 17 18 19 23 24 25 28 29 
Interval 172: 0 1 2 3 4 5 6 7 8 9 10 11 12 13 14 15 16 17 18 19 20 21 22 23 24 25 26 27 28 29 
Interval 173: 0 1 2 3 4 5 6 7 8 9 10 11 12 13 14 15 16 17 18 19 20 23 24 25 26 27 28 29 
Interval 174: 0 1 2 3 4 5 6 7 8 9 10 11 12 13 14 15 16 17 18 19 21 22 23 26 27 28 29 
Interval 175: 0 1 2 3 4 5 6 7 8 9 10 11 12 13 14 15 16 17 18 19 20 21 22 23 25 26 27 28 
Interval 176: 0 1 2 3 4 5 6 7 8 9 10 11 12 13 14 15 16 17 18 19 20 21 22 23 24 25 27 28 
Interval 177: 0 1 2 3 4 5 6 7 8 9 10 11 12 13 14 15 16 17 18 19 21 22 23 24 25 26 27 28 
Interval 178: 0 1 2 3 4 5 6 7 8 9 10 11 12 13 14 15 16 17 18 19 20 21 22 23 24 25 27 28 
Interval 179: 0 1 2 3 4 5 6 7 8 9 10 11 12 13 14 15 16 17 18 19 20 22 23 24 25 26 28 
Interval 180: 0 1 2 3 4 5 6 7 8 9 10 11 12 13 14 15 16 17 18 20 21 23 24 25 27 28 
Interval 181: 0 1 2 3 4 5 6 7 8 9 10 11 12 13 14 15 16 17 18 20 21 23 24 25 27 28 
Interval 182: 0 1 2 3 4 5 6 7 8 9 10 11 12 13 14 15 16 17 18 19 20 21 22 23 24 25 26 28 
Interval 183: 0 1 2 3 4 5 6 7 8 9 10 11 12 13 14 15 16 17 18 19 20 21 22 23 24 25 26 27 28 
Interval 184: 0 1 2 3 4 5 6 7 8 9 10 11 12 13 14 15 16 17 18 19 20 22 23 24 25 26 27 28 
Interval 185: 0 1 2 3 4 5 6 7 8 9 10 11 12 13 14 15 16 17 18 19 21 22 23 24 25 26 28 
Interval 186: 0 1 2 3 4 5 6 7 8 9 10 11 12 13 14 15 16 17 18 19 21 22 23 24 25 26 27 28 
Interval 187: 0 1 2 3 4 5 6 7 8 9 10 11 12 13 14 15 16 17 18 20 21 22 23 24 25 26 27 28 
Interval 188: 0 1 2 3 4 5 6 7 8 9 10 11 12 13 14 15 16 17 18 19 20 21 22 23 24 25 26 27 
Interval 189: 0 1 2 3 4 5 6 7 8 9 10 11 12 13 14 15 16 17 18 19 21 23 24 25 26 27 
Interval 190: 0 1 2 3 4 5 6 7 8 9 10 11 12 13 14 15 16 17 18 19 20 21 22 25 27 
Interval 191: 0 1 2 3 4 5 6 7 8 9 10 11 12 13 14 16 17 18 19 20 21 22 24 26 27 
Interval 192: 0 1 2 3 4 5 6 7 8 9 10 11 12 13 14 15 16 17 18 19 20 21 22 23 25 26 27 
Interval 193: 0 1 2 3 4 5 6 7 8 9 10 11 12 13 14 15 16 17 18 19 20 21 23 24 25 26 27 
Interval 194: 0 1 2 3 4 5 6 7 8 9 10 11 12 13 14 15 16 17 18 19 20 21 23 24 25 26 27 
Interval 195: 0 1 2 3 4 5 6 7 8 9 10 11 12 13 14 15 16 17 18 19 20 23 24 25 27 
Interval 196: 0 1 2 3 4 5 6 7 8 9 10 11 12 13 14 15 16 17 19 20 21 22 23 25 26 27 
Interval 197: 0 1 2 3 4 5 6 7 8 9 10 11 12 13 14 15 16 17 18 19 21 22 23 24 25 26 27 
Interval 198: 0 1 2 3 4 5 6 7 8 9 10 11 12 13 14 15 16 17 18 19 20 21 22 24 25 26 27 
Interval 199: 0 1 2 3 4 5 6 7 8 9 10 11 12 13 14 15 16 17 18 19 20 21 22 23 24 26 27 
Interval 200: 0 1 2 3 4 5 6 7 8 9 10 11 12 13 14 15 16 17 18 19 20 21 22 26 27 
Interval 201: 0 1 2 3 4 5 6 7 8 9 10 11 12 13 14 15 16 17 18 19 20 21 23 24 25 26 
Interval 202: 0 1 2 3 4 5 6 7 8 9 10 11 12 13 14 15 16 17 18 19 21 22 23 24 25 26 
Interval 203: 0 1 2 3 4 5 6 7 8 9 10 11 12 13 14 15 16 17 18 19 20 21 24 25 26 
Interval 204: 0 1 2 3 4 5 6 7 8 9 10 11 12 13 14 15 16 17 18 19 20 21 23 24 25 26 
Interval 205: 0 1 2 3 4 5 6 7 8 9 10 11 12 13 14 15 16 17 18 19 20 21 22 23 24 25 26 
Interval 206: 0 1 2 3 4 5 6 7 8 9 10 11 12 13 14 15 16 17 18 19 20 21 22 23 24 25 26 
Interval 207: 0 1 2 3 4 5 6 7 8 9 10 11 12 13 14 15 16 17 18 19 21 22 23 25 26 
Interval 208: 0 1 2 3 4 5 6 7 8 9 10 11 12 13 14 15 16 17 18 19 20 21 22 23 24 25 26 
Interval 209: 0 1 2 3 4 5 6 7 8 9 10 11 12 13 14 15 16 17 18 19 20 21 22 23 24 25 26 
Interval 210: 0 1 2 3 4 5 6 7 8 9 10 11 12 13 14 15 16 17 18 19 20 21 22 23 24 25 26 
Interval 211: 0 1 2 3 4 5 6 7 8 9 10 11 12 13 14 15 16 17 18 19 21 23 25 26 
Interval 212: 0 1 2 3 4 5 6 7 8 9 10 11 12 13 14 15 16 17 18 19 20 21 22 23 25 26 
Interval 213: 0 1 2 3 4 5 6 7 8 9 10 11 12 13 14 15 16 17 18 19 20 21 22 23 24 25 26 
Interval 214: 0 1 2 3 4 5 6 7 8 9 10 12 13 14 15 16 17 18 19 20 21 24 25 
Interval 215: 0 1 2 3 4 5 6 7 8 9 10 11 12 13 14 15 16 17 18 19 20 23 24 25 
Interval 216: 0 1 2 3 4 5 6 7 8 9 10 11 12 13 14 15 16 17 18 19 21 22 23 24 25 
Interval 217: 0 1 2 3 4 5 6 7 8 9 10 11 12 13 14 15 16 17 18 19 22 23 24 25 
Interval 218: 0 1 2 3 4 5 6 7 8 9 10 11 12 13 14 15 16 17 18 20 21 23 24 25 
Interval 219: 0 1 2 3 4 5 6 7 8 9 10 11 12 13 14 15 16 17 18 19 20 21 22 23 24 25 
Interval 220: 0 1 2 3 4 5 6 7 8 9 10 11 12 13 14 15 16 17 18 19 20 21 22 23 25 
Interval 221: 0 1 2 3 4 5 6 7 8 9 10 11 12 13 14 15 16 17 18 19 21 23 25 
Interval 222: 0 1 2 3 4 5 6 7 8 9 10 11 12 13 14 15 16 17 18 19 20 21 22 23 24 25 
Interval 223: 0 1 2 3 4 5 6 7 8 9 10 11 12 13 14 15 16 17 18 19 20 21 22 23 24 25 
Interval 224: 0 1 2 3 4 5 6 7 8 9 10 11 12 13 14 15 16 17 18 19 20 21 22 23 24 25 
Interval 225: 0 1 2 3 4 5 6 7 8 9 10 11 12 13 14 15 16 17 18 19 20 21 22 25 
Interval 226: 0 1 2 3 4 5 6 7 8 9 10 11 12 13 14 15 16 17 18 19 20 21 22 23 24 25 
Interval 227: 0 1 2 3 4 5 6 7 8 9 10 11 12 13 14 15 16 17 18 19 21 22 23 24 
Interval 228: 0 1 2 3 4 5 6 7 8 9 10 11 12 13 14 15 16 17 19 20 21 22 23 24 
Interval 229: 0 1 2 3 4 5 6 7 8 9 10 11 12 13 14 15 16 17 18 19 20 21 22 24 
Interval 230: 0 1 2 3 4 5 6 7 8 9 10 11 12 13 14 15 16 17 18 19 22 23 24 
Interval 231: 0 1 2 3 4 5 6 7 8 9 10 11 12 13 14 15 16 17 18 19 21 22 24 
Interval 232: 0 1 2 3 4 5 6 7 8 9 10 11 12 13 14 15 16 17 18 19 21 22 23 24 
Interval 233: 0 1 2 3 4 5 6 7 8 9 10 11 12 13 14 15 16 17 18 19 20 21 22 23 24 
Interval 234: 0 1 2 3 4 5 6 7 8 9 10 11 12 13 14 15 16 17 18 19 20 21 23 24 
Interval 235: 0 1 2 3 4 5 6 7 8 9 10 11 12 13 14 15 16 17 18 19 20 21 22 23 24 
Interval 236: 0 1 2 3 4 5 6 7 8 9 10 11 12 13 14 15 16 17 18 19 22 23 24 
Interval 237: 0 1 2 3 4 5 6 7 8 9 10 11 12 13 14 15 16 17 19 21 22 23 24 
Interval 238: 0 1 2 3 4 5 6 7 8 9 10 11 12 13 14 15 16 17 18 19 20 21 22 24 
Interval 239: 0 1 2 3 4 5 6 7 8 9 10 11 12 13 14 15 16 17 18 19 21 22 23 24 
Interval 240: 0 1 2 3 4 5 6 7 8 9 10 11 12 13 14 15 16 17 18 19 21 22 23 
Interval 241: 0 1 2 3 4 5 6 7 8 9 10 11 12 13 14 15 16 17 18 19 20 21 22 23 
Interval 242: 0 1 2 3 4 5 6 7 8 9 10 11 12 13 14 15 16 18 19 20 21 22 23 
Interval 243: 0 1 2 3 4 5 6 7 8 9 10 11 12 13 14 15 16 17 18 19 20 21 22 23 
Interval 244: 0 1 2 3 4 5 6 7 8 9 10 12 13 14 15 16 17 18 19 23 
Interval 245: 0 1 2 3 4 5 6 7 8 9 10 11 12 13 14 15 16 17 18 19 20 22 23 
Interval 246: 0 1 2 3 4 5 6 7 8 9 10 11 12 13 14 15 16 17 19 20 21 22 23 
Interval 247: 0 1 2 3 4 5 6 7 8 9 10 11 12 13 14 15 16 17 18 19 20 21 22 23 
Interval 248: 0 1 2 3 4 5 6 7 8 9 10 11 12 13 14 15 16 17 18 19 20 21 22 23 
Interval 249: 0 1 2 3 4 5 6 7 8 9 10 11 12 13 14 16 17 18 19 20 21 22 23 
Interval 250: 0 1 2 3 4 5 6 7 8 9 10 11 12 13 14 15 16 17 18 19 20 21 22 23 
Interval 251: 0 1 2 3 4 5 6 7 8 9 10 11 12 13 14 15 16 17 18 19 20 21 22 23 
Interval 252: 0 1 2 3 4 5 6 7 8 9 10 11 12 13 14 15 16 17 18 19 20 21 22 23 
Interval 253: 0 1 2 3 4 5 6 7 8 9 10 11 12 13 14 15 16 17 18 19 21 22 
Interval 254: 0 1 2 3 4 5 6 7 8 9 10 11 12 13 14 15 16 17 19 20 21 22 
Interval 255: 0 1 2 3 4 5 6 7 8 9 10 11 12 13 14 15 16 17 18 19 20 21 22 
Interval 256: 0 1 2 3 4 5 6 7 8 9 10 11 12 13 14 15 16 17 18 19 20 21 22 
Interval 257: 0 1 2 3 4 5 6 7 8 9 10 11 12 13 14 15 16 17 18 19 20 21 22 
Interval 258: 0 1 2 3 4 5 6 7 8 9 10 11 12 13 14 15 16 17 18 20 21 22 
Interval 259: 0 1 2 3 4 5 6 7 8 9 10 12 13 14 15 16 17 18 19 20 21 22 
Interval 260: 0 1 2 3 4 5 6 7 8 9 10 11 12 13 14 15 16 17 18 19 20 22 
Interval 261: 0 1 2 3 4 5 6 7 8 9 10 11 12 13 14 15 16 17 18 19 21 22 
Interval 262: 0 1 2 3 4 5 6 7 8 9 10 11 12 13 14 15 16 17 18 20 21 22 
Interval 263: 0 1 2 3 4 5 6 7 8 9 10 11 12 13 14 15 16 17 18 19 20 21 22 
Interval 264: 0 1 2 3 4 5 6 7 8 9 10 11 12 13 14 15 16 17 18 19 20 21 22 
Interval 265: 0 1 2 3 4 5 6 7 8 9 10 11 12 13 14 15 16 17 18 19 20 21 22 
Interval 266: 0 1 2 3 4 5 6 7 8 9 10 11 12 13 14 15 16 17 18 20 21 
Interval 267: 0 1 2 3 4 5 6 7 8 9 10 11 12 13 14 15 16 17 18 19 20 21 
Interval 268: 0 1 2 3 4 5 6 7 8 9 10 11 12 13 14 15 16 17 18 19 20 21 
Interval 269: 0 1 2 3 4 5 6 7 8 9 10 11 12 13 14 15 16 17 18 20 21 
Interval 270: 0 1 2 3 4 5 6 7 8 9 10 11 12 13 14 15 16 17 18 19 20 21 
Interval 271: 0 1 2 3 4 5 6 7 8 9 10 11 12 13 14 15 16 17 18 19 21 
Interval 272: 0 1 2 3 4 5 6 7 8 9 10 11 12 13 14 15 17 18 19 20 21 
Interval 273: 0 1 2 3 4 5 6 7 8 9 10 11 12 13 14 15 16 17 18 19 21 
Interval 274: 0 1 2 3 4 5 6 7 8 9 10 11 12 13 14 15 16 17 18 19 20 21 
Interval 275: 0 1 2 3 4 5 6 7 8 9 10 11 12 13 14 15 16 17 18 19 20 21 
Interval 276: 0 1 2 3 4 5 6 7 8 9 10 11 12 13 14 15 16 17 18 19 21 
Interval 277: 0 1 2 3 4 5 6 7 8 9 10 11 12 13 14 15 16 17 18 19 20 21 
Interval 278: 0 1 2 3 4 5 6 7 8 9 10 11 12 13 14 15 16 17 18 19 20 21 
Interval 279: 0 1 2 3 4 5 6 7 8 9 10 11 12 13 14 15 16 17 18 19 20 
Interval 280: 0 1 2 3 4 5 6 7 8 9 10 11 12 13 14 15 16 17 19 20 
Interval 281: 0 1 2 3 4 5 6 7 8 9 10 11 12 13 14 15 16 18 20 
Interval 282: 0 1 2 3 4 5 6 7 8 9 10 11 12 13 14 15 16 17 19 20 
Interval 283: 0 1 2 3 4 5 6 7 8 9 10 11 12 13 14 15 16 17 18 19 20 
Interval 284: 0 1 2 3 4 5 6 7 8 9 10 11 12 13 14 15 16 17 18 19 20 
Interval 285: 0 1 2 3 4 5 6 7 8 9 10 11 12 13 14 15 16 17 18 19 20 
Interval 286: 0 1 2 3 4 5 6 7 8 9 10 11 12 13 14 15 16 17 18 19 20 
Interval 287: 0 1 2 3 4 5 6 7 8 9 10 11 12 13 14 15 16 18 19 20 
Interval 288: 0 1 2 3 4 5 6 7 8 9 10 11 12 13 14 15 16 17 18 20 
Interval 289: 0 1 2 3 4 5 6 7 8 9 10 11 12 13 14 16 17 18 19 20 
Interval 290: 0 1 2 3 4 5 6 7 8 9 10 11 12 13 14 15 16 17 19 20 
Interval 291: 0 1 2 3 4 5 6 7 8 9 10 11 12 13 14 16 17 18 19 20 
Interval 292: 0 1 2 3 4 5 6 7 8 9 10 11 12 13 14 15 16 17 18 19 
Interval 293: 0 1 2 3 4 5 6 7 8 9 10 11 12 13 14 15 16 17 18 19 
Interval 294: 0 1 2 3 4 5 6 7 8 9 10 11 12 13 14 15 16 17 18 19 
Interval 295: 0 1 2 3 4 5 6 7 8 9 10 11 12 13 14 15 16 17 18 19 
Interval 296: 0 1 2 3 4 5 6 7 8 9 10 11 12 13 14 15 16 17 18 19 
Interval 297: 0 1 2 3 4 5 6 7 8 9 10 11 12 13 14 15 16 17 19 
Interval 298: 0 1 2 3 4 5 6 7 8 9 10 11 12 13 14 15 16 17 19 
Interval 299: 0 1 2 3 4 5 6 7 8 9 10 11 12 13 14 15 16 17 18 19 
Interval 300: 0 1 2 3 4 5 6 7 8 9 10 11 12 13 14 15 16 17 18 19 
Interval 301: 0 1 2 3 4 5 6 7 8 9 10 11 12 13 14 15 16 17 18 19 
Interval 302: 0 1 2 3 4 5 6 7 8 9 10 11 12 13 14 15 16 17 18 19 
Interval 303: 0 1 2 3 4 5 6 7 8 9 10 11 12 13 14 15 16 17 18 19 
Interval 304: 0 1 2 3 4 5 6 7 8 9 10 11 12 13 14 15 16 18 19 
Interval 305: 0 1 2 3 4 5 6 7 8 9 10 11 12 13 14 15 16 17 18 
Interval 306: 0 1 2 3 4 5 6 7 8 9 10 11 12 13 14 15 16 17 18 
Interval 307: 0 1 2 3 4 5 6 7 8 9 10 11 12 13 14 15 16 17 18 
Interval 308: 0 1 2 3 4 5 6 7 8 9 10 11 13 14 15 16 17 18 
Interval 309: 0 1 2 3 4 5 6 7 8 9 10 11 12 13 14 15 17 18 
Interval 310: 0 1 2 3 4 5 6 7 8 9 10 11 12 13 14 15 16 17 18 
Interval 311: 0 1 2 3 4 5 6 7 8 9 10 11 12 13 14 16 18 
Interval 312: 0 1 2 3 4 5 6 7 8 9 10 11 12 13 14 15 16 17 18 
Interval 313: 0 1 2 3 4 5 6 7 8 9 10 11 12 13 14 15 16 17 18 
Interval 314: 0 1 2 3 4 5 6 7 8 9 10 11 12 13 14 15 16 17 18 
Interval 315: 0 1 2 3 4 5 6 7 8 9 10 11 12 13 14 15 16 18 
Interval 316: 0 1 2 3 4 5 6 7 8 9 10 11 12 13 14 15 17 18 
Interval 317: 0 1 2 3 4 5 6 7 8 9 10 11 12 13 14 15 17 
Interval 318: 0 1 2 3 4 5 6 7 8 9 10 11 12 13 14 15 16 17 
Interval 319: 0 1 2 3 4 5 6 7 8 9 10 11 12 13 14 15 16 17 
Interval 320: 0 1 2 3 4 5 6 7 8 9 10 11 12 13 14 15 16 17 
Interval 321: 0 1 2 3 4 5 6 7 8 9 10 11 12 13 14 15 16 17 
Interval 322: 0 1 2 3 4 5 6 7 8 9 10 11 12 13 14 15 16 17 
Interval 323: 0 1 2 3 4 5 6 7 8 9 10 11 12 13 14 15 16 17 
Interval 324: 0 1 2 3 4 5 6 7 8 9 10 11 12 13 14 15 16 17 
Interval 325: 0 1 2 3 4 5 6 7 8 9 10 11 12 13 14 15 16 17 
Interval 326: 0 1 2 3 4 5 6 7 8 9 10 11 12 13 14 15 16 17 
Interval 327: 0 1 2 3 4 5 6 7 8 9 10 11 12 13 14 15 17 
Interval 328: 0 1 2 3 4 5 6 7 8 9 10 11 12 13 14 15 16 17 
Interval 329: 0 1 2 3 4 5 6 7 8 9 10 11 12 13 14 15 16 17 
Interval 330: 0 1 2 3 4 5 6 7 8 9 10 11 12 13 14 15 16 
Interval 331: 0 1 2 3 4 5 6 7 8 9 10 11 12 13 14 15 16 
Interval 332: 0 1 2 3 4 5 6 7 8 9 10 11 12 13 14 15 16 
Interval 333: 0 1 2 3 4 5 6 7 8 9 10 11 12 13 14 15 16 
Interval 334: 0 1 2 3 4 5 6 7 8 9 10 11 12 13 14 15 16 
Interval 335: 0 1 2 3 4 5 6 7 8 9 10 11 12 13 14 15 16 
Interval 336: 0 1 2 3 4 5 6 7 8 9 10 11 12 13 14 15 16 
Interval 337: 0 1 2 3 4 5 6 7 8 9 10 11 12 13 14 15 16 
Interval 338: 0 1 2 3 4 5 6 7 8 9 10 11 12 13 14 15 16 
Interval 339: 0 1 2 3 4 5 6 7 8 9 10 11 12 13 14 15 16 
Interval 340: 0 1 2 3 4 5 6 7 8 9 10 11 12 13 14 15 16 
Interval 341: 0 1 2 3 4 5 6 7 8 9 10 11 12 13 14 15 16 
Interval 342: 0 1 2 3 4 5 6 7 8 9 10 12 13 14 15 
Interval 343: 0 1 2 3 4 5 6 7 8 9 10 11 12 13 14 15 
Interval 344: 0 1 2 3 4 5 6 7 8 9 10 11 12 13 14 15 
Interval 345: 0 1 2 3 4 5 6 7 8 9 10 11 12 13 14 15 
Interval 346: 0 1 2 3 4 5 6 7 8 9 10 11 12 13 14 15 
Interval 347: 0 1 2 3 4 5 6 7 8 9 10 11 12 13 14 15 
Interval 348: 0 1 2 3 4 5 6 7 8 9 10 11 12 13 14 15 
Interval 349: 0 1 2 3 4 5 6 7 8 9 10 11 12 13 14 15 
Interval 350: 0 1 2 3 4 5 6 7 8 9 10 11 13 14 15 
Interval 351: 0 1 2 3 4 5 6 7 8 9 10 11 12 13 14 15 
Interval 352: 0 1 2 3 4 5 6 7 8 9 10 11 12 13 14 15 
Interval 353: 0 1 2 3 4 5 6 7 8 9 10 11 12 13 14 15 
Interval 354: 0 1 2 3 4 5 6 7 8 9 10 11 12 13 14 15 
Interval 355: 0 1 2 3 4 5 6 7 8 9 10 11 12 13 14 
Interval 356: 0 1 2 3 4 5 6 7 8 9 10 11 12 13 14 
Interval 357: 0 1 2 3 4 5 6 7 8 9 10 11 12 13 14 
Interval 358: 0 1 2 3 4 5 6 7 8 9 10 11 12 13 14 
Interval 359: 0 1 2 3 4 5 6 7 8 9 10 11 12 13 14 
Interval 360: 0 1 2 3 4 5 6 7 8 9 10 11 12 13 14 
Interval 361: 0 1 2 3 4 5 6 7 8 9 10 11 12 13 14 
Interval 362: 0 1 2 3 4 5 6 7 8 9 10 11 12 13 14 
Interval 363: 0 1 2 3 4 5 6 7 8 9 10 11 12 13 14 
Interval 364: 0 1 2 3 4 5 6 7 8 9 10 11 12 13 14 
Interval 365: 0 1 2 3 4 5 6 7 8 9 10 11 12 13 14 
Interval 366: 0 1 2 3 4 5 6 7 8 9 10 11 12 13 14 
Interval 367: 0 1 2 3 4 5 6 7 8 9 10 11 12 13 
Interval 368: 0 1 2 3 4 5 6 7 8 9 10 11 12 13 
Interval 369: 0 1 2 3 4 5 6 7 8 9 10 11 12 13 
Interval 370: 0 1 2 3 4 5 6 7 8 9 10 11 12 13 
Interval 371: 0 1 2 3 4 5 6 7 8 9 10 11 12 13 
Interval 372: 0 1 2 3 4 5 6 7 8 9 10 11 12 13 
Interval 373: 0 1 2 3 4 5 6 7 8 9 10 11 12 13 
Interval 374: 0 1 2 3 4 5 6 7 8 9 10 11 12 13 
Interval 375: 0 1 2 3 4 5 6 7 8 9 10 11 12 13 
Interval 376: 0 1 2 3 4 5 6 7 8 9 10 11 12 13 
Interval 377: 0 1 2 3 4 5 6 7 8 9 10 11 12 13 
Interval 378: 0 1 2 3 4 5 6 7 8 9 10 11 12 13 
Interval 379: 0 1 2 3 4 5 6 7 8 9 10 11 12 
Interval 380: 0 1 2 3 4 5 6 7 8 9 10 11 12 
Interval 381: 0 1 2 3 4 5 6 7 8 9 10 11 12 
Interval 382: 0 1 2 3 4 5 6 7 8 9 10 11 12 
Interval 383: 0 1 2 3 4 5 6 7 8 9 10 11 12 
Interval 384: 0 1 2 3 4 5 6 7 8 9 10 11 12 
Interval 385: 0 1 2 3 4 5 6 7 8 9 10 11 12 
Interval 386: 0 1 2 3 4 5 6 7 8 9 10 11 12 
Interval 387: 0 1 2 3 4 5 6 7 8 9 10 11 12 
Interval 388: 0 1 2 3 4 5 6 7 8 9 10 11 12 
Interval 389: 0 1 2 3 4 5 6 7 8 9 10 11 12 
Interval 390: 0 1 2 3 4 5 6 7 8 9 10 11 12 
Interval 391: 0 1 2 3 4 5 6 7 8 9 10 11 
Interval 392: 0 1 2 3 4 5 6 7 8 9 10 11 
Interval 393: 0 1 2 3 4 5 6 7 8 9 10 11 
Interval 394: 0 1 2 3 4 5 6 7 8 9 10 11 
Interval 395: 0 1 2 3 4 5 6 7 8 9 10 11 
Interval 396: 0 1 2 3 4 5 6 7 8 9 10 11 
Interval 397: 0 1 2 3 4 5 6 7 8 9 10 11 
Interval 398: 0 1 2 3 4 5 6 7 8 9 10 11 
Interval 399: 0 1 2 3 4 5 6 7 8 9 10 11 
Interval 400: 0 1 2 3 4 5 6 7 8 9 10 11 
Interval 401: 0 1 2 3 4 5 6 7 8 9 10 11 
Interval 402: 0 1 2 3 4 5 6 7 8 9 10 11 
Interval 403: 0 1 2 3 4 5 6 7 8 9 10 
Interval 404: 0 1 2 3 4 5 6 7 8 9 10 
Interval 405: 0 1 2 3 4 5 6 7 8 9 10 
Interval 406: 0 1 2 3 4 5 6 7 8 9 10 
Interval 407: 0 1 2 3 4 5 6 7 8 9 10 
Interval 408: 0 1 2 3 4 5 6 7 8 9 10 
Interval 409: 0 1 2 3 4 5 6 7 8 9 10 
Interval 410: 0 1 2 3 4 5 6 7 8 9 10 
Interval 411: 0 1 2 3 4 5 6 7 8 9 10 
Interval 412: 0 1 2 3 4 5 6 7 8 9 10 
Interval 413: 0 1 2 3 4 5 6 7 8 9 10 
Interval 414: 0 1 2 3 4 5 6 7 8 9 10 
Interval 415: 0 1 2 3 4 5 6 7 8 9 
Interval 416: 0 1 2 3 4 5 6 7 8 9 
Interval 417: 0 1 2 3 4 5 6 7 8 9 
Interval 418: 0 1 2 3 4 5 6 7 8 9 
Interval 419: 0 1 2 3 4 5 6 7 8 9 
Interval 420: 0 1 2 3 4 5 6 7 8 9 
Interval 421: 0 1 2 3 4 5 6 7 8 9 
Interval 422: 0 1 2 3 4 5 6 7 8 9 
Interval 423: 0 1 2 3 4 5 6 7 8 9 
Interval 424: 0 1 2 3 4 5 6 7 8 9 
Interval 425: 0 1 2 3 4 5 6 7 8 9 
Interval 426: 0 1 2 3 4 5 6 7 8 9 
Interval 427: 0 1 2 3 4 5 6 7 8 
Interval 428: 0 1 2 3 4 5 6 7 8 
Interval 429: 0 1 2 3 4 5 6 7 8 
Interval 430: 0 1 2 3 4 5 6 7 8 
Interval 431: 0 1 2 3 4 5 6 7 8 
Interval 432: 0 1 2 3 4 5 6 7 8 
Interval 433: 0 1 2 3 4 5 6 7 8 
Interval 434: 0 1 2 3 4 5 6 7 8 
Interval 435: 0 1 2 3 4 5 6 7 8 
Interval 436: 0 1 2 3 4 5 6 7 8 
Interval 437: 0 1 2 3 4 5 6 7 8 
Interval 438: 0 1 2 3 4 5 6 7 
Interval 439: 0 1 2 3 4 5 6 7 
Interval 440: 0 1 2 3 4 5 6 7 
Interval 441: 0 1 2 3 4 5 6 7 
Interval 442: 0 1 2 3 4 5 6 7 
Interval 443: 0 1 2 3 4 5 6 7 
Interval 444: 0 1 2 3 4 5 6 7 
Interval 445: 0 1 2 3 4 5 6 7 
Interval 446: 0 1 2 3 4 5 6 7 
Interval 447: 0 1 2 3 4 5 6 7 
Interval 448: 0 1 2 3 4 5 6 7 
Interval 449: 0 1 2 3 4 5 6 
Interval 450: 0 1 2 3 4 5 6 
Interval 451: 0 1 2 3 4 5 6 
Interval 452: 0 1 2 3 4 5 6 
Interval 453: 0 1 2 3 4 5 6 
Interval 454: 0 1 2 3 4 5 6 
Interval 455: 0 1 2 3 4 5 6 
Interval 456: 0 1 2 3 4 5 6 
Interval 457: 0 1 2 3 4 5 6 
Interval 458: 0 1 2 3 4 5 6 
Interval 459: 0 1 2 3 4 5 6 
Interval 460: 0 1 2 3 4 5 
Interval 461: 0 1 2 3 4 5 
Interval 462: 0 1 2 3 4 5 
Interval 463: 0 1 2 3 4 5 
Interval 464: 0 1 2 3 4 5 
Interval 465: 0 1 2 3 4 5 
Interval 466: 0 1 2 3 4 5 
Interval 467: 0 1 2 3 4 5 
Interval 468: 0 1 2 3 4 5 
Interval 469: 0 1 2 3 4 5 
Interval 470: 0 1 2 3 4 5 
Interval 471: 0 1 2 3 4 
Interval 472: 0 1 2 3 4 
Interval 473: 0 1 2 3 4 
Interval 474: 0 1 2 3 4 
Interval 475: 0 1 2 3 4 
Interval 476: 0 1 2 3 4 
Interval 477: 0 1 2 3 4 
Interval 478: 0 1 2 3 4 
Interval 479: 0 1 2 3 4 
Interval 480: 0 1 2 3 4 
Interval 481: 0 1 2 3 4 
Interval 482: 0 1 2 3 
Interval 483: 0 1 2 3 
Interval 484: 0 1 2 3 
Interval 485: 0 1 2 3 
Interval 486: 0 1 2 3 
Interval 487: 0 1 2 3 
Interval 488: 0 1 2 3 
Interval 489: 0 1 2 3 
Interval 490: 0 1 2 3 
Interval 491: 0 1 2 3 
Interval 492: 0 1 2 
Interval 493: 0 1 2 
Interval 494: 0 1 2 
Interval 495: 0 1 2 
Interval 496: 0 1 2 
Interval 497: 0 1 2 
Interval 498: 0 1 2 
Interval 499: 0 1 2 
Interval 500: 0 1 2 
Interval 501: 0 1 2 
Interval 502: 0 1 
Interval 503: 0 1 
Interval 504: 0 1 
Interval 505: 0 1 
Interval 506: 0 1 
Interval 507: 0 1 
Interval 508: 0 1 
Interval 509: 0 1 
Interval 510: 0 1 
Interval 511: 0 
Interval 512: 0 
Interval 513: 0 
Interval 514: 0 
Interval 515: 0 
Interval 516: 0 
