Interval 1: 0 1 2 3 4 5 6 7 
Interval 2: 7 8 9 10 11 12 13 14 15 
Interval 3: 15 16 17 18 19 20 21 22 23 
Interval 4: 23 24 25 26 27 28 29 30 31 
Interval 5: 31 32 33 34 35 36 37 38 39 
Interval 6: 39 40 41 42 43 44 45 46 47 
Interval 7: 47 48 49 50 51 52 53 54 55 
Interval 8: 55 56 57 58 59 60 61 62 63 
Interval 9: 63 64 65 66 67 68 69 70 71 
Interval 10: 38 39 71 72 73 74 75 76 77 78 
Interval 11: 37 38 75 76 77 
Interval 12: 36 37 72 73 74 75 
Interval 13: 35 36 70 71 72 
Interval 14: 33 34 35 67 68 69 70 
Interval 15: 32 33 65 66 67 
Interval 16: 31 32 63 64 65 
Interval 17: 30 31 60 61 62 63 
Interval 18: 29 30 58 59 60 
Interval 19: 27 28 29 55 56 57 58 
Interval 20: 26 27 53 54 55 
Interval 21: 25 26 50 51 52 53 
Interval 22: 24 25 48 49 50 
Interval 23: 23 24 46 47 48 
Interval 24: 21 22 23 43 44 45 46 
Interval 25: 20 21 41 42 43 
Interval 26: 19 20 38 39 40 41 77 78 
Interval 27: 18 19 37 38 75 76 77 
Interval 28: 18 36 37 73 74 75 
Interval 29: 17 18 35 36 70 71 72 73 
Interval 30: 17 34 35 68 69 70 
Interval 31: 16 17 32 33 34 65 66 67 68 
Interval 32: 15 16 31 32 63 64 65 
Interval 33: 15 30 31 60 61 62 63 
Interval 34: 14 15 29 30 58 59 60 
Interval 35: 13 14 27 28 29 55 56 57 58 
Interval 36: 13 26 27 53 54 55 
Interval 37: 12 13 25 26 51 52 53 
Interval 38: 12 24 25 48 49 50 51 
Interval 39: 11 12 23 24 46 47 48 
Interval 40: 10 11 21 22 23 43 44 45 46 
Interval 41: 10 20 21 41 42 43 
Interval 42: 9 10 19 20 38 39 40 41 77 78 
Interval 43: 9 18 19 37 38 74 75 76 77 
Interval 44: 8 9 17 18 35 36 37 71 72 73 74 
Interval 45: 8 17 34 35 68 69 70 71 
Interval 46: 8 16 17 32 33 34 65 66 67 68 
Interval 47: 7 8 15 16 31 32 62 63 64 65 
Interval 48: 7 14 15 29 30 31 58 59 60 61 62 
Interval 49: 6 7 13 14 27 28 29 55 56 57 58 
Interval 50: 6 13 26 27 52 53 54 55 
Interval 51: 6 12 13 24 25 26 49 50 51 52 
Interval 52: 5 6 11 12 22 23 24 45 46 47 48 
Interval 53: 5 10 11 21 22 42 43 44 45 
Interval 54: 4 5 9 10 19 20 21 39 40 41 42 
Interval 55: 4 9 18 19 36 37 38 39 73 74 75 76 77 78 
Interval 56: 4 8 9 17 18 34 35 36 69 70 71 72 73 
Interval 57: 4 8 16 17 32 33 34 64 65 66 67 68 69 
Interval 58: 3 4 7 8 14 15 16 29 30 31 32 59 60 61 62 63 64 
Interval 59: 3 6 7 13 14 27 28 29 55 56 57 58 59 
Interval 60: 3 6 12 13 25 26 27 50 51 52 53 54 
Interval 61: 2 3 5 6 11 12 22 23 24 25 45 46 47 48 49 50 
Interval 62: 2 5 10 11 20 21 22 40 41 42 43 44 45 
Interval 63: 2 4 5 9 10 18 19 20 36 37 38 39 40 73 74 75 76 77 78 
Interval 64: 2 4 8 9 16 17 18 33 34 35 36 66 67 68 69 70 71 72 73 
Interval 65: 1 2 3 4 7 8 14 15 16 29 30 31 32 58 59 60 61 62 63 64 65 
Interval 66: 1 3 6 7 12 13 14 25 26 27 28 29 51 52 53 54 55 56 57 58 
Interval 67: 1 2 3 5 6 10 11 12 21 22 23 24 25 44 45 46 47 48 49 50 51 
Interval 68: 1 2 4 5 9 10 18 19 20 21 37 38 39 40 41 42 43 74 75 76 
Interval 69: 0 1 2 3 4 7 8 9 15 16 17 18 31 32 33 34 35 36 62 63 64 65 66 67 68 69 70 71 72 73 
Interval 70: 0 1 3 6 7 12 13 14 15 25 26 27 28 29 30 50 51 52 53 54 55 56 57 58 59 61 62 
Interval 71: 0 1 2 3 4 5 6 9 10 11 12 19 20 21 22 23 24 25 38 39 40 41 42 43 45 46 48 49 77 78 
Interval 72: 0 1 2 3 4 7 8 9 14 15 16 17 18 19 28 29 30 31 32 33 34 35 36 37 38 56 57 59 61 63 64 65 66 67 68 69 70 73 74 75 76 77 
Interval 73: 0 1 2 3 4 5 6 9 10 11 12 13 18 19 20 21 22 23 24 25 26 27 36 37 39 40 41 43 44 45 46 47 48 49 53 55 73 74 75 
Interval 74: 0 1 2 3 4 5 6 7 8 9 10 11 12 13 14 15 16 17 18 19 21 22 23 24 25 26 27 28 29 31 32 33 34 35 36 38 42 44 47 49 51 52 54 55 59 63 65 66 67 68 71 72 77 
Interval 75: 0 1 2 3 4 5 6 7 8 9 10 11 12 13 14 15 16 17 18 19 20 22 23 24 26 28 29 30 32 34 35 36 37 38 40 41 46 48 53 59 60 64 71 72 73 74 77 
Interval 76: 0 1 2 3 4 5 6 7 8 9 10 11 13 14 15 16 17 18 19 20 22 26 27 28 29 30 31 32 35 37 38 39 41 45 52 54 57 59 60 61 62 63 64 70 74 77 78 
Interval 77: 0 1 2 3 4 5 6 7 8 9 10 12 13 14 15 16 17 18 19 20 24 26 28 29 30 31 32 35 36 37 38 40 41 49 57 59 60 62 63 64 70 72 75 78 
Interval 78: 0 1 2 3 4 5 6 7 8 9 10 11 13 14 15 16 17 18 19 20 23 26 29 30 33 34 35 36 37 38 39 41 47 52 58 61 66 67 68 70 72 75 77 
Interval 79: 0 1 2 3 4 5 6 7 8 9 10 11 12 13 14 15 17 19 20 21 22 23 25 27 28 31 34 35 38 39 42 43 46 50 55 56 62 69 70 71 77 
Interval 80: 0 1 2 3 4 5 6 7 8 9 11 12 13 14 15 16 18 19 23 24 25 26 27 28 29 30 32 33 37 46 48 49 50 53 55 57 58 60 61 64 66 75 77 
Interval 81: 0 1 2 3 4 5 6 7 8 9 10 11 13 14 15 16 17 18 20 21 22 27 28 29 30 33 34 35 36 41 42 43 54 56 66 68 71 72 77 
Interval 82: 0 1 2 3 4 5 6 7 8 9 10 11 12 13 14 15 16 17 18 19 20 22 24 25 27 28 29 30 32 33 36 38 44 48 51 54 57 58 60 61 64 66 72 76 77 
Interval 83: 0 1 2 3 4 5 6 7 8 9 10 11 12 13 14 15 16 17 18 19 21 23 24 25 29 30 32 34 35 36 37 38 42 46 48 50 60 61 65 68 70 72 74 76 77 
Interval 84: 0 1 2 3 4 5 6 7 8 9 10 11 12 13 14 15 16 17 18 19 20 21 23 24 28 29 30 32 33 34 35 36 37 38 39 41 42 47 48 49 58 60 65 66 72 75 77 
Interval 85: 0 1 2 3 4 5 6 7 8 9 10 13 14 15 17 18 19 20 21 26 27 29 31 34 36 37 38 39 53 55 59 63 68 73 75 76 77 
Interval 86: 0 1 2 3 4 5 6 7 8 9 11 12 13 14 15 16 17 18 19 22 24 27 28 30 31 32 33 34 35 36 39 45 49 55 57 60 63 64 65 67 68 71 73 77 
Interval 87: 0 1 2 3 4 5 6 7 8 9 10 11 12 13 14 16 17 18 19 20 21 22 23 25 27 28 29 32 33 34 35 36 37 38 41 42 45 46 47 50 58 64 67 69 70 71 72 74 76 77 
Interval 88: 0 1 2 3 4 5 6 7 8 9 11 13 14 15 16 17 18 19 22 23 26 29 30 31 32 33 34 35 44 46 59 60 63 64 67 68 69 70 77 
Interval 89: 0 1 2 3 4 5 6 7 8 9 10 11 12 13 14 15 16 17 18 20 21 23 24 26 28 29 30 32 34 35 36 37 40 42 43 46 48 49 52 57 59 60 65 69 71 72 74 77 
Interval 90: 0 1 2 3 4 5 7 8 9 10 14 15 16 17 18 19 20 21 28 29 30 31 32 33 34 35 37 38 40 42 57 58 60 61 62 63 64 68 69 70 74 77 
Interval 91: 0 1 2 3 4 5 6 7 8 9 10 11 12 13 14 15 16 17 18 19 21 22 23 25 26 28 29 30 31 32 33 34 37 38 42 44 45 47 51 53 57 59 60 62 65 66 67 68 75 76 77 
Interval 92: 0 1 2 3 4 5 6 7 8 9 10 11 13 14 16 17 18 19 20 21 23 26 29 33 34 35 36 37 38 41 42 47 52 53 67 71 73 74 76 
Interval 93: 0 1 2 3 4 5 6 7 8 9 11 13 14 15 16 17 19 22 23 27 28 29 30 33 34 38 44 45 47 54 56 57 59 66 68 76 
Interval 94: 0 1 2 3 4 5 6 7 8 9 10 12 13 15 16 17 19 20 21 24 26 27 30 31 32 33 34 35 39 42 48 52 53 55 63 68 69 70 76 
Interval 95: 0 1 2 3 4 5 6 7 8 9 10 11 12 13 14 15 16 17 18 21 23 25 26 27 28 31 33 34 35 36 37 42 47 55 56 62 66 69 71 73 76 
Interval 96: 0 1 2 3 4 5 6 7 8 9 11 12 13 14 15 16 17 18 19 22 23 24 26 27 29 30 31 32 33 34 36 38 39 44 47 48 52 55 59 60 65 66 69 72 76 
Interval 97: 0 1 2 3 4 5 6 7 8 9 10 11 13 14 15 16 17 18 19 21 22 23 26 27 28 29 31 33 34 37 38 39 42 43 45 46 52 53 55 56 59 62 66 69 75 76 
Interval 98: 0 1 2 3 4 5 6 7 8 9 10 11 12 13 15 16 17 18 19 21 22 24 25 30 32 33 35 36 37 38 39 43 45 48 50 51 60 64 66 72 73 76 
Interval 99: 0 1 2 3 4 5 6 7 8 9 10 11 12 13 14 15 16 18 19 20 22 23 25 26 27 28 29 30 32 36 37 38 40 45 51 53 54 57 58 59 60 65 73 75 76 
Interval 100: 0 1 2 3 4 5 6 7 8 9 10 11 12 13 14 17 18 19 20 22 24 25 27 28 29 34 35 36 37 38 40 41 44 48 49 50 54 57 59 69 71 76 
Interval 101: 0 1 2 3 4 5 6 7 8 9 10 11 12 14 15 16 17 18 20 21 22 24 25 28 29 30 31 32 34 35 36 37 43 45 48 50 51 56 58 60 61 62 68 71 72 75 76 
Interval 102: 0 1 2 3 4 5 6 7 8 9 10 11 13 14 15 16 17 18 19 20 21 22 23 26 28 29 30 31 32 35 37 38 39 40 43 44 47 52 57 58 59 60 61 65 71 74 76 
Interval 103: 0 1 2 3 4 5 6 7 8 9 10 11 12 13 14 15 16 17 18 19 20 21 22 23 24 26 27 29 30 32 33 35 36 37 38 40 43 44 45 46 49 52 54 55 58 64 67 70 74 76 
Interval 104: 0 1 2 3 4 5 6 8 9 10 11 12 13 16 17 18 19 21 22 25 26 32 34 35 36 37 38 39 43 44 50 53 64 65 68 71 72 75 76 
Interval 105: 0 1 2 3 4 5 6 7 8 9 11 12 13 14 15 16 17 19 23 25 26 27 29 30 31 32 33 34 35 38 39 47 50 53 54 58 59 60 62 65 66 67 68 71 75 76 
Interval 106: 0 1 2 3 4 5 6 7 8 9 10 11 12 13 14 15 16 17 18 20 21 23 24 25 26 27 28 29 31 32 33 34 37 40 41 47 48 52 54 56 59 63 64 68 75 
Interval 107: 0 1 2 3 4 5 6 7 8 9 10 11 12 13 15 16 17 18 19 20 22 23 24 25 27 30 32 33 34 35 36 39 44 46 47 48 55 61 64 66 68 69 70 73 75 
Interval 108: 0 1 2 3 4 5 6 7 8 9 10 11 12 13 15 16 17 18 19 20 22 23 24 25 27 31 32 33 35 36 38 44 45 46 49 50 51 54 64 66 70 73 75 
Interval 109: 0 1 2 3 4 5 6 7 8 9 10 11 12 14 15 16 17 18 19 21 22 23 24 25 29 30 31 33 34 35 37 39 45 46 49 58 59 61 66 69 70 74 75 
Interval 110: 0 1 2 3 4 5 6 8 9 11 12 13 16 17 18 19 22 23 24 25 26 27 33 34 35 36 38 39 47 49 50 53 69 71 72 75 
Interval 111: 0 1 2 3 4 5 6 7 8 9 10 11 12 13 14 15 16 17 18 19 21 23 25 26 29 30 33 34 35 36 37 38 42 47 51 52 60 66 70 72 73 74 75 
Interval 112: 0 1 2 3 4 5 6 7 8 9 10 12 13 14 15 16 17 18 19 21 24 25 26 28 29 30 31 32 34 35 37 38 39 43 48 51 53 56 58 60 64 68 69 70 75 
Interval 113: 0 1 2 3 4 5 6 7 8 9 10 11 12 13 14 15 17 19 20 22 23 25 26 28 29 30 31 34 38 41 45 52 53 56 59 60 61 62 63 68 75 
Interval 114: 0 1 2 3 4 5 6 7 8 9 10 11 12 13 14 16 17 18 19 20 21 22 24 25 26 28 29 32 34 35 36 37 38 40 41 42 45 48 50 52 53 57 58 68 69 71 73 74 75 
Interval 115: 0 1 2 3 4 5 6 7 8 9 10 11 13 14 15 16 17 19 21 22 26 27 28 29 30 32 33 34 35 39 43 45 52 55 56 59 60 64 67 71 75 
Interval 116: 0 1 2 3 4 5 6 7 8 9 10 11 12 13 15 16 17 19 20 22 23 24 26 30 31 32 35 38 40 44 46 47 48 53 60 62 64 71 75 
Interval 117: 0 1 2 3 4 5 6 7 8 9 11 12 13 14 15 16 17 18 19 22 24 25 26 27 29 30 31 33 34 37 38 45 48 50 52 54 59 61 62 66 67 68 74 75 
Interval 118: 0 1 2 3 4 5 6 7 8 9 10 11 12 13 14 15 17 18 19 21 22 23 24 25 27 29 30 31 34 36 37 38 42 45 46 47 48 51 54 59 60 61 62 69 73 75 
Interval 119: 0 1 2 3 4 5 6 7 8 9 10 11 12 13 14 15 16 17 18 20 21 22 23 25 27 28 29 30 31 32 33 35 36 37 40 47 50 55 56 59 60 61 62 65 67 71 72 74 75 
Interval 120: 0 1 2 3 4 5 6 7 9 10 11 12 14 15 18 19 20 21 22 23 24 28 30 37 38 43 44 45 46 48 60 74 
Interval 121: 0 1 2 3 4 5 6 7 8 9 10 11 13 14 15 17 18 19 20 21 22 26 27 29 31 34 35 36 37 38 41 42 43 44 53 55 59 63 69 70 73 74 
Interval 122: 0 1 2 3 4 5 6 7 8 9 10 11 12 13 14 15 16 17 18 20 23 25 26 28 30 31 34 35 36 37 40 46 52 53 56 61 62 63 71 72 73 74 
Interval 123: 0 1 2 3 4 5 6 7 8 9 10 11 12 13 14 15 17 18 19 20 21 22 24 25 26 28 30 34 35 37 38 41 42 43 45 48 51 56 61 68 69 70 74 
Interval 124: 0 1 2 3 4 5 6 7 8 9 10 11 12 14 16 17 19 20 21 23 24 25 29 32 35 38 40 42 43 47 48 49 50 51 59 64 65 70 71 74 
Interval 125: 0 1 2 3 4 5 6 7 8 9 10 11 12 13 14 15 16 17 18 20 22 23 24 26 28 29 31 32 33 35 36 37 41 45 46 48 49 52 56 59 65 66 70 72 74 
Interval 126: 0 1 2 3 4 5 6 7 8 9 10 11 12 13 14 15 16 17 18 21 22 24 26 28 29 30 31 33 35 36 37 43 45 48 52 53 57 58 60 61 62 63 66 71 72 74 
Interval 127: 0 1 2 3 4 5 6 7 8 9 10 11 12 13 14 15 16 17 18 19 20 21 22 24 27 28 29 30 31 32 34 35 37 38 39 43 44 48 55 56 58 60 62 64 68 71 74 
Interval 128: 0 1 2 3 4 5 6 7 8 9 10 11 12 15 17 18 19 20 21 22 23 25 30 31 35 37 39 40 43 44 45 47 50 62 71 74 
Interval 129: 0 1 2 3 4 5 6 7 8 9 10 11 12 13 14 15 17 18 20 21 23 25 26 28 29 30 31 34 35 36 37 41 43 47 50 53 57 58 61 62 70 73 74 
Interval 130: 0 1 2 3 4 5 6 7 8 9 10 12 14 15 16 17 18 20 21 25 28 31 32 33 34 35 36 37 40 41 43 50 56 63 64 65 68 71 73 74 
Interval 131: 0 1 2 3 4 5 6 7 8 9 10 11 13 14 15 17 18 19 21 22 26 27 28 30 31 32 34 35 36 38 39 43 45 53 60 61 63 65 69 70 73 74 
Interval 132: 0 1 2 3 4 5 6 7 8 9 10 11 12 15 16 18 19 20 21 23 24 25 30 31 33 36 39 41 42 43 46 48 51 60 62 66 67 72 73 74 
Interval 133: 0 1 2 3 4 5 6 7 8 9 11 13 14 15 16 17 18 19 22 27 28 29 30 31 32 34 35 36 37 39 45 55 57 59 63 64 65 68 70 71 73 
Interval 134: 0 1 2 3 4 5 6 7 8 9 10 11 12 13 14 15 16 17 18 19 20 22 23 24 25 26 27 28 29 31 33 34 35 36 39 40 46 47 49 50 53 54 56 59 67 69 70 72 73 
Interval 135: 0 1 2 3 4 5 6 7 8 9 10 11 12 15 16 17 18 19 20 22 23 24 30 31 33 34 35 36 37 39 41 49 61 62 66 68 70 72 73 
Interval 136: 0 1 2 3 4 5 6 8 9 10 11 12 13 17 18 19 20 21 22 24 25 26 34 36 37 39 40 44 48 49 50 51 52 68 69 72 73 
Interval 137: 0 1 2 3 4 5 6 7 8 9 10 11 12 13 15 16 17 19 20 21 23 25 26 27 30 31 32 35 38 41 42 46 47 50 51 52 54 63 65 70 73 
Interval 138: 0 1 2 3 4 5 6 7 8 9 10 11 12 13 14 15 16 17 18 19 21 23 24 25 26 27 29 30 31 32 35 36 38 39 43 47 48 49 51 53 54 59 63 64 70 71 72 73 
Interval 139: 0 1 2 3 4 5 6 7 8 9 10 11 12 13 15 16 17 18 20 21 22 25 26 27 30 32 35 37 41 43 44 53 54 60 64 65 73 
Interval 140: 0 1 2 3 4 5 6 7 8 9 10 11 12 14 16 17 18 19 21 22 23 24 29 33 35 36 38 39 45 49 59 66 67 72 73 
Interval 141: 0 1 2 3 4 5 6 7 8 9 10 11 12 14 15 16 17 18 20 21 22 23 24 28 30 31 33 34 35 36 37 41 42 44 47 48 56 60 62 63 68 70 72 73 
Interval 142: 0 1 2 3 4 5 6 7 8 9 11 12 13 14 15 16 17 18 19 22 23 24 26 27 28 30 33 34 37 38 39 44 46 49 52 53 54 57 61 66 73 
Interval 143: 0 1 2 3 4 5 6 7 8 9 10 11 12 13 14 15 17 18 19 20 21 24 25 26 27 28 30 36 38 41 43 48 51 53 56 60 72 73 
Interval 144: 0 1 2 3 4 5 6 7 8 9 10 11 12 13 14 16 17 18 19 21 22 24 25 27 29 33 34 35 37 43 44 45 51 54 58 67 69 70 71 73 
Interval 145: 0 1 2 3 4 5 6 7 8 9 10 12 13 14 15 16 17 18 19 21 24 25 27 28 31 33 34 36 38 43 49 50 51 54 63 67 68 73 
Interval 146: 0 1 2 3 4 5 6 7 8 9 10 11 12 13 14 15 16 17 19 20 21 23 25 26 27 28 29 31 32 33 34 38 43 46 47 51 52 55 57 58 62 65 67 72 73 
Interval 147: 0 1 2 3 4 5 6 7 8 9 10 11 13 15 16 17 18 19 20 22 23 26 27 30 32 33 34 35 36 38 41 44 46 47 53 54 61 64 65 67 69 71 72 
Interval 148: 0 1 2 3 4 5 6 7 8 9 11 12 13 14 15 16 17 19 24 25 26 27 28 29 30 32 33 34 38 49 50 54 55 56 58 60 67 68 72 
Interval 149: 0 1 2 3 4 5 6 7 8 9 10 12 13 14 15 16 17 18 19 21 24 27 29 30 31 32 34 35 36 37 38 42 49 54 55 59 63 64 68 70 71 72 
Interval 150: 0 1 2 3 4 5 6 7 8 9 10 11 12 13 14 15 16 17 18 19 21 23 24 26 27 29 30 31 32 33 35 36 37 38 46 48 49 52 54 55 59 61 62 65 67 71 72 
Interval 151: 0 1 2 3 4 5 6 7 8 9 10 11 12 13 14 15 16 17 19 21 22 23 24 25 27 28 29 30 33 34 35 38 42 44 48 50 55 57 61 66 68 71 72 
Interval 152: 0 1 2 3 4 5 6 7 8 9 10 11 12 13 14 15 17 18 19 20 21 23 24 27 28 30 31 34 35 36 38 41 43 46 48 49 55 57 61 62 63 68 71 72 
Interval 153: 0 1 2 3 4 5 6 7 8 9 10 11 12 13 14 15 16 17 18 20 22 26 27 29 30 31 32 33 34 35 36 40 44 52 54 55 58 63 65 66 67 68 72 
Interval 154: 0 1 2 3 4 5 6 7 8 9 10 11 12 13 14 15 16 17 19 20 21 22 23 24 27 29 30 31 32 34 35 38 39 40 43 45 47 48 54 58 60 64 71 72 
Interval 155: 0 1 2 3 4 5 6 7 8 9 10 11 12 13 14 15 16 17 18 20 21 23 24 25 26 27 28 30 31 32 33 35 36 41 43 47 48 52 54 57 60 62 65 66 71 72 
Interval 156: 0 1 2 3 4 5 6 7 8 9 10 11 12 13 14 15 16 17 18 21 22 24 25 26 29 30 31 32 34 35 37 43 44 50 51 53 58 59 60 63 64 68 70 72 
Interval 157: 0 1 2 3 4 5 6 7 8 9 10 11 12 13 14 15 17 18 21 22 24 25 26 28 29 30 31 35 36 37 43 44 48 49 51 56 59 61 62 71 72 
Interval 158: 0 1 2 3 4 5 6 7 8 9 11 12 13 14 15 16 17 18 19 22 23 25 26 27 28 29 31 33 34 37 38 39 45 46 50 52 54 55 56 57 59 63 66 69 72 
Interval 159: 0 1 2 3 4 5 6 7 8 9 10 11 12 13 14 15 16 17 18 20 21 22 25 27 28 31 32 35 36 37 41 42 43 44 45 54 56 57 63 64 65 71 72 
Interval 160: 0 1 2 3 4 5 6 7 8 9 10 11 12 13 14 15 16 17 19 21 22 24 26 27 28 31 33 34 35 38 43 45 48 52 54 56 63 66 69 71 72 
Interval 161: 0 1 2 3 4 5 6 7 8 9 10 11 12 13 14 15 16 17 18 19 21 23 24 25 26 27 28 29 31 32 34 36 37 38 42 47 49 50 55 59 71 
Interval 162: 0 1 2 3 4 5 6 7 8 9 10 11 12 13 14 15 16 17 18 20 21 23 24 26 27 28 31 32 34 36 37 40 42 46 53 54 56 57 64 68 71 
Interval 163: 0 1 2 3 4 5 6 7 8 9 10 11 12 13 14 15 16 17 18 19 20 21 23 24 25 27 29 30 32 33 35 36 38 41 42 47 49 54 59 60 64 67 70 71 
Interval 164: 0 1 2 3 4 5 6 7 8 9 10 11 12 13 15 17 18 19 20 21 22 25 26 30 31 32 34 35 36 37 38 41 42 44 50 52 53 61 65 68 69 71 
Interval 165: 0 1 2 3 4 5 6 7 8 9 10 11 12 13 14 15 17 19 20 21 23 25 27 29 31 34 35 38 39 41 42 46 50 54 69 71 
Interval 166: 0 1 2 3 4 5 6 7 8 9 10 11 13 14 15 16 18 19 21 22 26 27 28 30 31 32 33 36 37 38 43 44 52 56 57 60 62 65 71 
Interval 167: 0 1 2 3 4 5 6 7 8 9 10 12 13 14 15 16 17 18 20 25 26 27 28 29 30 32 34 35 36 40 41 55 56 59 64 68 70 71 
Interval 168: 0 1 2 3 4 5 6 7 8 9 10 11 12 13 14 15 16 18 19 20 22 24 26 27 28 29 30 31 33 36 38 39 41 45 48 52 54 58 62 66 71 
Interval 169: 0 1 2 3 4 5 6 7 8 9 10 11 12 13 15 16 17 18 21 22 23 24 26 27 30 31 32 33 34 35 36 37 43 45 46 47 48 52 54 62 63 64 68 71 
Interval 170: 0 1 2 3 4 5 6 7 8 9 10 11 12 13 14 15 16 18 19 20 22 23 25 26 29 30 32 37 38 39 40 44 46 47 50 53 58 60 71 
Interval 171: 0 1 2 3 4 5 6 7 8 9 10 11 12 15 16 17 18 19 20 21 22 24 25 30 31 32 33 34 35 36 37 39 41 42 43 45 49 50 51 63 65 66 71 
Interval 172: 0 1 2 3 4 5 6 7 8 9 10 11 12 13 14 15 16 17 18 19 21 22 23 25 27 28 29 30 31 33 35 36 37 38 44 45 47 50 54 57 58 60 63 66 71 
Interval 173: 0 1 2 3 4 5 6 7 8 9 10 11 12 14 15 16 17 18 20 21 22 23 24 25 28 30 31 33 35 37 40 41 42 43 44 46 48 51 57 61 62 67 70 71 
Interval 174: 0 1 2 3 4 5 6 7 8 9 10 11 12 13 15 16 17 18 19 20 21 23 24 26 31 32 34 37 39 40 46 47 49 52 53 63 64 68 69 70 
Interval 175: 0 1 2 3 4 5 6 7 8 9 10 11 13 14 15 16 17 18 19 21 23 26 28 29 30 31 32 33 34 36 37 38 39 42 46 47 56 57 58 61 62 64 65 66 69 70 
Interval 176: 0 1 2 3 4 5 6 7 8 9 10 11 12 13 14 15 16 17 19 21 23 24 25 26 27 28 30 32 33 34 39 42 47 48 49 52 53 54 56 60 64 65 68 70 
Interval 177: 0 1 2 3 4 5 6 7 8 10 12 13 14 15 16 17 21 24 25 26 27 28 29 30 31 33 34 48 51 53 55 56 57 59 60 61 63 66 67 68 70 
Interval 178: 0 1 2 3 4 5 6 7 8 9 10 11 12 13 14 16 18 20 22 23 25 26 27 28 29 32 33 37 44 46 50 55 58 59 64 70 
Interval 179: 0 1 2 3 4 5 6 7 8 9 10 13 14 15 16 17 18 19 20 21 26 27 28 30 33 35 36 38 40 42 53 54 55 60 66 70 
Interval 180: 0 1 2 3 4 5 6 7 8 10 11 12 13 15 17 20 22 23 24 25 26 27 30 31 34 35 40 46 49 52 54 60 61 68 69 70 
Interval 181: 0 1 2 3 4 5 7 8 9 10 11 14 15 16 17 18 19 20 22 23 28 29 30 32 33 34 35 36 37 38 40 46 47 56 58 61 64 67 68 69 70 
Interval 182: 0 1 2 3 4 5 6 7 9 10 11 12 13 14 15 18 19 20 21 22 24 25 26 27 29 30 36 37 38 40 41 42 48 49 50 52 53 54 59 61 70 
Interval 183: 0 1 2 3 4 5 6 7 8 9 10 11 12 13 14 15 16 17 18 19 21 23 24 25 26 29 30 32 33 34 36 37 39 43 47 48 49 51 52 59 60 67 69 70 
Interval 184: 0 1 2 3 4 5 6 7 8 9 11 12 13 14 15 16 17 18 19 22 23 24 25 26 28 29 30 31 33 34 37 38 47 49 56 57 59 61 66 68 69 70 
Interval 185: 0 1 2 3 4 5 6 7 8 9 10 11 13 14 15 16 17 18 19 20 21 23 26 27 28 29 30 31 32 34 35 36 39 41 42 43 47 53 54 57 58 61 63 65 68 70 
Interval 186: 0 1 2 3 4 5 6 7 8 9 10 11 12 13 14 15 16 18 19 22 24 25 26 27 28 29 30 32 33 36 39 44 49 51 54 56 65 67 70 
Interval 187: 0 1 2 3 4 5 6 7 8 9 10 11 12 13 14 15 16 17 18 19 20 22 24 25 27 29 30 31 32 34 35 36 37 38 40 44 48 51 54 58 60 62 63 69 70 
Interval 188: 0 1 2 3 4 5 6 7 8 9 10 11 12 13 14 15 16 17 18 19 20 23 25 27 28 29 30 32 33 34 36 38 41 51 54 55 61 65 67 69 
Interval 189: 0 1 2 3 4 5 6 7 8 9 11 12 13 14 15 16 17 18 19 23 24 25 26 28 31 32 34 35 37 38 47 50 51 53 56 57 65 68 69 
Interval 190: 0 1 2 3 4 5 6 7 8 9 11 12 13 14 15 16 17 18 19 23 24 25 26 27 28 29 31 32 33 34 35 37 39 46 48 49 51 52 55 56 58 62 65 66 69 
Interval 191: 0 1 2 3 4 5 6 7 8 9 10 11 12 13 14 16 17 18 19 20 21 23 24 25 27 29 33 34 36 38 40 41 43 46 47 48 49 50 55 58 66 68 69 
Interval 192: 0 1 2 3 4 5 6 7 8 9 10 11 12 13 15 16 17 18 19 20 23 25 26 27 30 31 33 34 35 36 37 38 40 47 50 51 53 54 61 63 66 68 69 
Interval 193: 0 1 2 3 4 5 6 7 8 9 11 12 13 14 15 16 17 18 19 22 24 25 27 28 30 31 32 33 34 36 37 38 45 49 55 57 60 61 63 64 67 69 
Interval 194: 0 1 2 3 4 5 6 7 8 9 10 11 12 13 14 15 16 17 18 19 20 21 22 23 24 25 27 28 31 33 34 35 36 37 44 47 48 54 57 62 63 66 69 
Interval 195: 0 1 2 3 4 5 6 7 8 9 10 11 12 13 14 15 16 17 18 19 21 22 24 25 26 28 29 30 31 33 34 35 36 39 42 45 49 51 52 56 59 61 63 69 
Interval 196: 0 1 2 3 4 5 6 7 8 9 10 11 12 13 14 15 16 17 18 19 20 23 24 26 27 28 29 30 31 32 35 37 38 39 41 47 53 55 58 59 61 63 64 69 
Interval 197: 0 1 2 3 4 5 6 7 8 9 10 11 12 13 14 15 16 17 19 20 22 24 25 27 29 31 32 33 35 38 41 45 49 51 54 59 62 64 67 69 
Interval 198: 0 1 2 3 4 5 6 7 8 9 10 11 12 13 14 16 18 20 21 22 23 24 25 27 28 29 32 33 36 37 40 42 45 46 48 50 54 59 65 69 
Interval 199: 0 1 2 3 4 5 6 7 8 9 10 11 12 13 14 16 18 20 21 22 23 24 25 27 33 36 37 40 41 42 44 46 49 51 54 69 
Interval 200: 0 1 2 3 4 5 6 7 8 9 11 12 13 15 16 17 18 23 24 25 27 30 32 33 35 36 37 46 47 48 49 50 51 55 60 61 65 66 68 69 
Interval 201: 0 1 2 3 4 5 6 7 8 9 10 11 12 13 14 15 16 17 18 19 20 21 23 24 27 28 30 32 33 34 36 37 38 41 43 48 49 55 61 64 66 67 68 
Interval 202: 0 1 2 3 4 5 6 7 8 9 10 11 12 13 14 15 16 17 18 21 22 23 24 27 28 29 31 32 33 35 37 42 43 45 46 48 54 59 62 65 66 68 
Interval 203: 0 1 2 3 4 5 6 7 8 9 10 11 12 13 14 15 16 17 18 19 21 23 24 25 26 28 29 30 31 33 34 35 37 38 46 47 48 51 52 56 58 59 61 62 66 68 
Interval 204: 0 1 2 3 4 5 6 7 8 9 10 12 13 15 16 18 19 20 24 26 27 30 31 32 36 37 38 40 49 53 55 60 61 62 65 68 
Interval 205: 0 1 2 3 4 5 6 7 8 9 10 11 12 13 14 15 16 18 19 20 22 24 25 27 29 30 31 32 36 39 40 45 48 50 55 59 60 61 62 64 65 68 
Interval 206: 0 1 2 3 4 5 6 7 8 9 10 11 12 13 14 15 16 17 19 20 21 23 25 26 28 29 31 32 33 35 38 40 41 42 51 53 56 68 
Interval 207: 0 1 2 3 4 5 6 8 9 10 11 12 13 16 17 18 19 20 21 22 23 24 25 27 32 33 34 37 38 40 41 45 47 48 50 54 65 68 
Interval 208: 0 1 2 3 4 5 6 7 8 9 10 11 12 13 15 16 17 18 21 22 23 24 26 27 30 32 35 37 42 43 45 47 49 52 53 55 61 65 68 
Interval 209: 0 1 2 3 4 5 6 7 8 9 10 11 12 13 14 15 16 17 18 19 20 23 24 26 27 28 30 31 32 33 35 36 38 40 46 49 54 57 61 62 63 68 
Interval 210: 0 1 2 3 4 5 6 7 8 9 11 12 13 15 16 17 18 19 22 24 25 26 30 31 33 34 35 37 39 49 50 53 61 67 68 
Interval 211: 0 1 2 3 4 5 6 7 8 9 10 11 13 14 15 16 17 18 19 20 21 23 26 28 30 31 32 35 37 38 41 46 52 57 60 62 64 68 
Interval 212: 0 1 2 3 4 5 6 7 8 9 10 11 12 13 14 15 16 17 18 20 22 24 25 26 27 28 29 30 31 33 34 35 36 41 44 46 49 51 55 56 58 60 62 66 68 
Interval 213: 0 1 2 3 4 5 6 7 8 9 10 11 12 13 14 15 16 17 18 19 20 21 22 25 26 27 28 29 30 32 33 37 38 39 40 44 51 55 57 58 61 65 68 
Interval 214: 0 1 2 3 4 5 7 8 9 10 11 14 15 17 18 20 21 22 23 28 29 31 34 35 36 41 45 46 47 57 58 62 67 
Interval 215: 0 1 2 3 4 5 6 7 8 9 10 11 12 13 14 15 16 17 18 19 20 22 23 24 27 28 29 30 32 34 35 36 38 41 45 47 48 56 58 59 60 65 67 
Interval 216: 0 1 2 3 4 5 6 7 8 9 10 11 13 14 15 16 17 18 19 20 21 23 26 28 29 30 31 32 33 34 36 38 39 42 46 47 52 56 60 64 66 67 
Interval 217: 0 1 2 3 4 5 6 7 8 9 10 11 12 13 14 15 16 17 19 20 22 23 24 25 26 27 28 30 32 33 34 41 44 46 49 50 52 54 56 57 61 66 67 
Interval 218: 0 1 2 3 4 5 6 7 8 9 11 12 13 14 15 16 17 18 19 22 24 26 27 29 30 32 33 34 35 36 38 44 48 49 52 54 59 60 61 64 66 67 
Interval 219: 0 1 2 3 4 5 6 7 8 9 10 11 13 14 15 16 17 18 19 21 23 26 27 28 30 31 33 35 36 37 38 42 46 47 53 54 56 57 60 61 67 
Interval 220: 0 1 2 3 4 5 6 7 8 9 10 11 12 14 15 16 17 18 19 20 21 22 24 28 30 33 34 35 36 37 38 39 40 43 44 57 60 66 67 
Interval 221: 0 1 2 3 4 5 6 7 8 9 10 11 12 13 14 15 16 17 18 20 21 22 23 25 27 29 31 33 34 35 37 40 42 43 44 46 54 55 58 63 67 
Interval 222: 0 1 2 3 4 5 6 8 9 10 11 12 13 16 17 19 20 21 22 23 24 25 27 32 33 34 35 38 39 40 41 44 47 49 50 51 54 65 67 
Interval 223: 0 1 2 3 4 5 6 7 8 10 11 12 13 14 15 16 22 25 26 27 28 29 30 31 32 33 44 45 50 53 54 56 58 59 60 62 63 64 67 
Interval 224: 0 1 2 3 4 5 6 7 8 9 10 11 12 13 14 15 16 17 19 21 23 24 26 28 30 31 32 33 34 35 38 43 47 52 57 60 62 64 66 67 
Interval 225: 0 1 2 3 4 5 6 7 8 9 10 11 12 14 15 16 17 18 19 20 22 24 28 29 31 32 33 34 36 37 38 44 48 57 62 64 65 66 67 
Interval 226: 0 1 2 3 4 5 6 7 8 9 10 11 12 13 15 16 17 18 19 20 22 23 24 25 27 30 31 32 34 35 36 37 39 40 41 45 48 51 55 60 63 65 67 
Interval 227: 0 1 2 3 4 5 6 7 8 9 11 12 13 14 15 16 17 18 19 22 24 25 26 28 30 31 33 34 35 37 44 49 50 53 57 61 66 67 
Interval 228: 0 1 2 3 4 5 6 7 8 9 10 11 12 13 14 15 16 17 18 21 22 23 24 25 26 27 28 30 31 33 34 35 36 43 44 46 49 51 53 55 62 66 
Interval 229: 0 1 2 3 4 5 6 7 8 9 10 11 12 13 14 15 17 18 19 20 22 23 24 25 26 28 29 30 31 35 36 38 40 44 45 47 48 49 51 53 56 59 61 66 
Interval 230: 0 1 2 3 4 5 6 7 8 9 10 11 12 13 14 15 17 18 19 20 23 25 26 28 29 30 31 34 35 36 39 40 46 50 52 53 57 61 63 66 
Interval 231: 0 1 2 3 4 5 6 7 8 9 10 11 12 13 14 15 16 17 18 19 21 22 25 26 27 29 30 32 34 36 38 42 43 44 50 51 52 54 58 60 66 
Interval 232: 0 1 2 3 4 5 6 7 8 9 11 12 13 14 15 16 17 19 22 23 24 25 27 28 29 30 32 33 34 35 38 44 47 49 55 57 58 61 64 66 
Interval 233: 0 1 2 3 4 5 6 7 8 9 10 11 12 13 14 15 16 17 18 19 21 22 23 25 26 28 30 31 33 35 37 38 39 42 44 46 50 56 61 62 66 
Interval 234: 0 1 2 3 4 5 6 7 8 9 10 13 14 15 16 17 18 19 20 21 26 27 29 30 31 32 33 35 37 38 41 43 52 54 59 60 62 64 66 
Interval 235: 0 1 2 3 4 5 6 7 8 9 10 12 13 14 15 16 17 18 20 21 24 25 26 29 30 31 32 33 34 35 36 50 52 58 60 61 62 65 66 
Interval 236: 0 1 2 3 4 5 6 7 8 9 10 12 13 14 15 16 17 18 19 21 24 25 26 27 28 30 32 33 36 38 42 48 50 51 53 57 64 66 
Interval 237: 0 1 2 3 4 5 6 7 8 9 10 11 12 13 14 15 16 17 18 19 20 22 24 25 27 28 30 31 32 33 34 35 36 37 38 48 50 57 60 61 62 64 66 
Interval 238: 0 1 2 3 4 5 6 7 8 9 11 12 13 14 15 16 18 19 22 25 26 27 28 29 30 33 36 37 38 39 44 50 51 52 54 55 56 58 59 66 
Interval 239: 0 1 2 3 4 5 6 7 8 9 10 11 12 13 14 15 16 18 20 21 23 25 27 28 29 30 31 33 36 40 42 46 50 55 57 58 60 61 62 66 
Interval 240: 0 1 2 3 4 6 7 8 9 13 14 15 16 17 18 24 26 29 30 33 34 35 37 48 53 58 59 60 61 65 66 
Interval 241: 0 1 2 3 4 5 6 7 8 9 10 11 12 13 15 16 17 18 19 20 21 22 24 25 26 30 33 34 37 38 41 42 44 45 48 51 52 60 65 
Interval 242: 0 1 2 3 4 5 6 7 8 9 10 11 13 14 15 16 18 19 20 22 23 27 28 29 30 32 33 36 37 38 39 41 45 46 47 54 56 57 60 61 64 65 
Interval 243: 0 1 2 3 4 5 6 7 8 9 11 12 13 14 15 16 17 18 19 22 24 26 28 31 32 34 36 38 45 49 52 53 56 57 64 65 
Interval 244: 0 1 2 3 4 5 6 7 8 9 10 11 12 13 14 15 16 17 18 19 21 22 25 27 28 29 30 31 32 33 34 37 38 39 42 43 44 50 54 56 59 61 62 65 
Interval 245: 0 1 2 3 4 5 6 7 8 9 10 11 12 13 14 16 17 18 19 20 21 22 23 25 26 27 28 33 34 35 37 38 40 42 44 47 52 53 54 56 65 
Interval 246: 0 1 2 3 4 5 6 7 8 9 11 12 13 14 15 16 17 18 19 22 24 25 27 28 29 31 33 34 35 37 38 39 44 48 50 54 57 58 63 65 
Interval 247: 0 1 2 3 4 5 6 7 8 9 11 12 13 14 16 17 18 19 23 24 25 26 28 29 33 34 35 36 37 38 46 51 53 56 57 59 65 
Interval 248: 0 1 2 3 4 5 6 8 9 10 11 12 13 16 17 18 19 20 21 23 24 25 26 27 32 35 36 37 38 39 40 43 46 48 51 52 54 65 
Interval 249: 0 1 2 3 4 5 6 8 9 10 11 12 13 16 17 18 20 21 22 23 24 25 26 27 33 34 35 36 40 42 44 48 50 52 65 
Interval 250: 0 1 2 3 4 5 6 7 8 9 10 11 12 13 14 15 16 17 18 19 20 23 25 27 28 31 32 34 35 36 37 38 41 50 51 54 57 62 63 65 
Interval 251: 0 1 2 3 4 5 6 7 8 9 10 11 12 13 14 15 16 17 18 19 21 24 27 28 29 30 33 34 37 39 43 48 54 55 65 
Interval 252: 0 1 2 3 4 5 6 7 8 10 12 13 14 15 16 20 21 24 25 27 28 31 32 43 49 50 54 56 57 62 63 64 65 
Interval 253: 0 1 2 3 4 5 6 7 8 9 10 12 13 15 16 17 18 21 24 25 27 31 32 34 35 36 37 42 43 48 50 51 55 62 64 65 
Interval 254: 0 1 2 3 4 5 6 7 8 9 10 11 12 13 14 15 16 17 18 20 22 23 24 25 26 27 28 31 33 34 35 37 41 45 47 49 51 53 62 63 64 65 
Interval 255: 0 1 2 3 4 5 6 7 8 9 10 11 12 13 14 16 17 18 19 20 21 23 25 27 28 29 32 33 34 35 37 38 40 43 47 50 51 55 57 58 64 
Interval 256: 0 1 2 3 4 5 6 7 8 9 10 11 12 14 15 16 17 18 19 20 21 22 23 24 28 31 32 34 35 36 37 38 43 44 46 49 57 64 
Interval 257: 0 1 2 3 4 5 6 7 8 9 10 11 12 13 14 15 16 18 19 21 22 25 27 29 30 32 33 36 37 42 43 44 45 50 51 55 60 64 
Interval 258: 0 1 2 3 4 5 6 7 8 9 10 11 12 13 14 16 17 18 20 22 23 24 25 26 27 29 32 34 35 36 40 45 47 49 51 52 55 59 64 
Interval 259: 0 1 2 3 4 5 6 7 8 9 10 12 13 14 15 16 17 19 21 24 27 29 31 32 34 35 42 48 58 59 62 63 64 
Interval 260: 0 1 2 3 4 5 6 7 8 9 11 12 13 14 15 16 17 18 19 22 23 24 26 27 29 31 33 34 36 37 38 44 52 58 62 64 
Interval 261: 0 1 2 3 4 5 6 7 8 9 10 11 12 13 14 15 16 17 18 20 22 23 24 27 28 29 30 31 32 34 35 37 45 47 48 54 59 60 63 64 
Interval 262: 0 1 2 3 4 5 6 7 8 9 10 11 12 13 14 15 16 17 18 19 20 21 22 23 25 26 28 29 30 33 35 36 43 45 46 47 50 56 58 61 64 
Interval 263: 0 1 2 3 4 5 6 7 8 9 10 11 12 13 14 15 17 18 19 21 22 25 27 28 29 30 31 34 36 37 38 39 42 44 54 56 59 60 62 64 
Interval 264: 0 1 2 3 4 5 7 8 9 10 11 14 15 16 17 18 19 21 22 23 28 29 30 32 33 34 35 36 38 42 44 47 56 57 64 
Interval 265: 0 1 2 3 4 5 6 7 8 9 10 12 13 14 15 16 19 20 21 24 26 28 29 30 31 32 33 38 43 53 56 57 61 62 63 64 
Interval 266: 0 1 2 3 4 5 6 7 8 9 10 11 12 13 14 15 17 18 19 20 23 24 25 26 27 29 31 34 35 36 37 39 40 46 48 50 55 58 59 62 64 
Interval 267: 0 1 2 3 4 5 6 7 8 9 11 12 13 14 15 16 17 18 19 22 23 24 25 26 27 28 29 30 31 33 34 35 36 38 44 45 50 52 55 56 58 61 63 64 
Interval 268: 0 1 2 3 4 5 6 7 8 9 10 11 12 14 15 16 17 18 19 21 23 25 28 30 31 32 33 35 37 39 43 47 50 57 61 62 63 
Interval 269: 0 1 2 3 4 5 6 7 8 9 10 11 12 14 15 16 17 18 19 20 21 22 23 24 25 28 29 30 31 33 35 36 37 41 42 45 46 48 50 57 58 60 62 63 
Interval 270: 0 1 2 3 4 5 6 7 8 9 11 12 13 14 15 16 17 18 19 22 23 24 26 28 29 30 32 34 35 36 37 39 47 49 53 56 58 61 63 
Interval 271: 0 1 2 3 4 5 6 7 8 9 10 11 13 14 15 16 17 18 19 21 22 23 27 28 29 31 32 34 35 37 42 46 54 56 57 58 62 63 
Interval 272: 0 1 2 3 4 5 6 7 8 9 10 11 12 13 14 15 16 17 18 21 22 23 25 27 28 30 32 34 35 36 37 43 44 50 51 54 55 56 63 
Interval 273: 0 1 2 3 4 5 6 7 8 9 10 11 12 13 14 15 17 18 19 20 21 22 23 24 25 26 29 30 34 35 36 37 38 40 42 44 46 47 48 51 53 59 61 63 
Interval 274: 0 1 2 3 4 5 6 7 8 9 10 12 13 14 15 16 17 18 19 20 21 24 25 26 28 29 30 31 33 34 36 39 40 42 48 51 52 56 58 61 62 63 
Interval 275: 0 1 2 3 4 5 6 7 8 9 10 11 12 13 14 15 16 17 19 20 23 24 26 27 28 29 30 31 32 35 38 40 41 47 48 52 55 58 59 63 
Interval 276: 0 1 2 3 4 5 6 7 8 9 10 11 12 14 15 16 17 18 20 21 22 23 24 25 28 30 33 35 36 37 41 42 45 47 49 51 56 60 63 
Interval 277: 0 1 2 3 4 5 6 7 8 9 10 11 13 14 16 17 18 19 20 21 23 27 29 32 33 34 35 37 38 40 46 55 59 63 
Interval 278: 0 1 2 3 4 5 6 7 8 9 10 11 12 13 14 15 16 18 21 22 23 24 25 26 29 31 32 33 36 43 44 47 51 53 59 62 63 
Interval 279: 0 1 2 3 4 5 6 7 8 9 10 11 13 14 15 16 18 19 21 22 23 26 27 28 29 30 31 32 33 36 38 43 44 45 47 54 55 59 61 62 63 
Interval 280: 0 1 2 3 4 5 6 7 8 9 10 11 12 13 14 15 16 18 20 21 22 23 24 26 27 28 30 31 32 33 37 41 42 43 44 47 48 53 55 57 60 61 63 
Interval 281: 0 1 2 3 4 5 6 7 8 9 10 12 13 14 15 16 17 18 19 20 24 26 28 29 31 32 34 36 37 39 40 41 49 52 57 58 62 63 
Interval 282: 0 1 2 3 4 5 6 7 8 9 10 11 12 13 14 15 17 18 19 21 22 24 26 28 29 30 31 34 35 37 39 44 48 49 52 56 58 59 60 61 62 
Interval 283: 0 1 2 3 4 5 6 7 8 9 10 11 12 13 14 16 17 18 19 20 23 24 27 28 29 32 33 34 37 38 40 41 47 49 56 57 59 62 
Interval 284: 0 1 2 3 4 5 6 7 8 9 10 11 12 13 14 15 16 17 18 19 20 23 24 25 27 28 29 30 31 32 34 36 37 38 40 41 46 49 51 54 59 62 
Interval 285: 0 1 2 3 4 5 6 7 8 9 10 12 14 15 16 17 18 21 24 29 30 31 32 33 34 35 36 37 42 49 59 61 62 
Interval 286: 0 1 2 3 4 5 6 7 8 9 10 11 12 13 14 15 16 17 19 20 21 23 24 26 27 28 29 30 31 32 33 34 35 38 41 42 47 49 52 55 56 61 62 
Interval 287: 0 1 2 3 4 5 6 7 8 9 10 11 12 13 14 15 16 17 18 19 20 21 22 23 24 25 26 29 31 32 34 35 37 38 40 42 45 47 49 50 53 59 62 
Interval 288: 0 1 2 3 4 5 6 7 8 9 10 11 12 13 14 15 16 17 18 19 20 21 22 25 27 28 29 31 32 33 34 35 37 39 41 42 43 45 51 57 59 62 
Interval 289: 0 1 2 3 4 5 6 7 8 9 10 11 12 13 14 15 17 18 19 20 21 22 23 25 26 28 30 31 34 36 37 39 41 43 45 46 47 52 53 57 60 61 62 
Interval 290: 0 1 2 3 4 5 6 7 8 9 10 11 12 13 14 15 16 17 18 19 20 22 24 26 27 28 31 32 33 34 37 44 49 52 55 56 62 
Interval 291: 0 1 2 3 4 5 6 7 8 9 10 11 12 13 14 16 17 18 19 20 21 22 23 24 26 27 28 32 33 34 35 37 38 41 42 45 49 52 53 55 56 62 
Interval 292: 0 1 2 3 4 5 6 7 8 9 11 13 15 16 17 18 19 22 23 26 30 31 33 35 36 38 44 47 53 62 
Interval 293: 0 1 2 3 4 5 6 7 8 9 10 11 12 14 15 16 17 18 19 20 23 24 25 28 29 30 33 34 36 38 41 46 47 49 51 58 60 61 62 
Interval 294: 0 1 2 3 4 5 6 7 8 9 11 12 13 14 15 16 17 18 22 24 25 26 28 29 31 33 34 35 36 44 45 49 50 53 56 58 61 62 
Interval 295: 0 1 2 3 4 5 6 7 8 9 10 13 14 15 16 17 18 19 20 21 28 29 30 31 32 33 34 35 37 38 39 41 42 43 56 61 
Interval 296: 0 1 2 3 4 5 6 7 8 9 10 11 12 13 15 16 17 18 19 20 21 23 24 26 27 29 30 32 34 35 36 37 38 41 42 43 46 48 53 55 58 61 
Interval 297: 0 1 2 3 4 5 6 7 8 9 10 12 13 14 15 16 17 18 19 21 24 25 26 28 30 31 33 34 35 36 37 38 42 43 49 53 57 60 61 
Interval 298: 0 1 2 3 4 5 6 7 8 9 10 11 12 13 14 17 18 19 21 22 23 24 26 27 29 34 35 38 39 45 46 48 53 54 58 61 
Interval 299: 0 1 2 3 4 5 6 7 8 9 10 11 12 13 15 16 17 18 19 20 22 23 24 26 27 30 32 33 34 35 36 37 38 40 46 48 60 61 
Interval 300: 0 1 2 3 4 5 6 7 8 11 12 13 14 15 16 17 23 24 25 26 27 29 30 31 32 33 35 46 48 49 51 52 54 55 59 61 
Interval 301: 0 1 2 3 4 5 6 7 8 9 10 11 12 13 14 15 16 17 18 19 20 21 23 24 25 26 27 28 29 33 35 38 41 43 48 50 51 52 53 54 56 58 59 61 
Interval 302: 0 1 2 3 4 5 6 7 8 9 10 11 12 13 14 15 16 17 18 21 23 24 25 26 27 29 31 33 34 36 42 46 48 51 52 53 54 61 
Interval 303: 0 1 2 3 4 5 6 7 8 10 11 12 13 14 15 16 17 20 21 23 24 25 26 27 28 29 30 33 35 41 43 47 48 50 52 53 54 57 59 60 61 
Interval 304: 0 1 2 3 4 5 6 7 8 9 10 11 12 13 14 15 16 17 18 19 20 22 23 24 26 27 29 30 31 33 35 37 38 39 41 45 46 48 53 54 55 58 59 60 61 
Interval 305: 0 1 2 3 4 5 6 7 8 9 11 12 13 14 15 16 17 18 19 22 23 24 26 28 29 30 31 32 34 35 36 37 38 39 46 48 49 52 56 58 61 
Interval 306: 0 1 2 3 4 6 7 8 9 12 13 14 15 16 17 18 25 27 28 29 30 31 32 33 34 36 37 51 54 55 56 59 61 
Interval 307: 0 1 2 3 4 5 6 7 8 9 10 12 13 14 15 16 17 18 19 21 24 25 27 28 29 31 33 34 36 37 38 39 42 43 48 50 55 57 59 60 61 
Interval 308: 0 1 2 3 4 5 6 7 8 9 10 11 13 14 15 16 17 18 19 20 21 22 26 27 29 30 31 32 33 34 37 39 41 42 45 53 55 58 60 
Interval 309: 0 1 2 3 4 5 6 7 8 9 10 11 12 13 14 16 18 21 22 23 25 26 28 29 32 33 36 37 42 43 45 46 47 51 53 57 59 60 
Interval 310: 0 1 2 3 4 5 6 7 8 9 11 12 13 15 16 17 18 19 22 25 26 27 30 31 33 34 36 38 39 45 50 52 54 55 60 
Interval 311: 0 1 2 3 4 5 6 7 8 9 10 11 12 13 15 17 18 19 20 21 22 24 25 26 31 35 37 38 41 42 44 45 48 49 50 51 52 60 
Interval 312: 0 1 2 3 4 5 6 7 8 9 10 11 12 13 14 15 16 17 18 20 21 22 23 24 25 26 27 28 29 30 33 35 36 41 45 48 49 50 51 52 54 57 58 60 
Interval 313: 0 1 2 3 4 5 6 7 8 9 10 12 13 14 15 16 17 18 25 26 27 28 29 31 32 34 35 37 51 55 56 58 59 60 
Interval 314: 0 1 2 3 4 5 6 7 8 9 10 11 12 13 14 16 17 18 19 20 21 22 23 24 25 26 28 32 33 34 36 37 38 40 42 46 48 51 52 57 60 
Interval 315: 0 1 2 3 4 5 6 7 8 9 10 11 12 13 14 15 16 17 18 19 21 23 24 25 26 27 28 29 30 33 34 36 38 42 48 51 52 54 57 58 59 60 
Interval 316: 0 1 2 3 4 5 6 7 8 9 10 11 12 13 14 15 16 17 18 19 22 25 26 28 29 30 31 32 35 36 37 38 44 51 53 56 59 60 
Interval 317: 0 1 2 3 4 5 6 7 8 9 10 11 12 13 14 15 16 17 18 19 20 21 23 24 26 29 30 32 34 37 38 39 41 42 43 46 49 52 53 58 60 
Interval 318: 0 1 2 3 4 5 6 7 8 9 10 11 12 13 14 15 16 17 18 20 22 23 24 26 27 28 29 31 33 34 35 36 40 44 47 48 52 54 56 58 60 
Interval 319: 0 1 2 3 4 5 6 7 8 9 10 11 12 13 14 15 16 17 18 20 23 25 26 29 30 32 33 35 36 37 40 46 50 52 53 58 60 
Interval 320: 0 1 2 3 4 5 6 7 8 9 10 11 12 13 14 15 16 18 19 20 22 23 24 27 29 30 33 36 38 40 41 45 46 48 54 59 60 
Interval 321: 0 1 2 3 4 5 6 7 8 9 10 11 12 13 14 15 16 17 18 20 21 23 24 25 27 28 29 30 33 34 36 37 41 43 47 49 50 51 56 58 59 60 
Interval 322: 0 1 2 3 4 5 6 7 8 9 10 11 12 13 15 16 17 18 20 23 24 25 26 30 32 33 35 36 37 40 47 49 50 52 53 59 
Interval 323: 0 1 2 3 4 5 6 7 8 9 10 11 13 14 15 16 17 19 21 22 23 27 28 29 30 31 32 33 34 35 38 42 45 47 55 57 58 59 
Interval 324: 0 1 2 3 4 5 6 7 8 9 10 11 12 13 14 15 16 17 18 19 21 22 24 25 27 28 29 30 31 32 33 34 36 39 42 43 44 45 49 50 51 55 57 58 59 
Interval 325: 0 1 2 3 4 5 6 7 8 9 10 11 12 13 14 15 16 17 18 20 23 24 25 26 29 30 32 33 34 35 37 49 50 53 58 59 
Interval 326: 0 1 2 3 4 5 6 7 8 9 10 11 12 13 14 16 17 18 19 20 22 25 27 28 29 33 34 35 37 39 40 41 45 54 55 56 58 59 
Interval 327: 0 1 2 3 4 5 6 7 8 9 10 11 12 13 15 17 18 19 20 22 23 24 27 30 31 34 36 45 46 47 49 59 
Interval 328: 0 1 2 3 4 5 6 7 8 9 10 12 13 14 15 17 18 19 20 24 25 26 27 28 29 31 35 37 38 39 40 41 48 50 54 56 58 59 
Interval 329: 0 1 2 3 4 5 6 7 8 9 10 11 12 13 15 16 17 18 19 20 22 23 25 27 32 33 34 36 37 38 39 46 50 54 59 
Interval 330: 0 1 2 3 4 5 6 7 8 9 10 12 13 14 15 16 17 18 19 21 24 25 26 27 28 29 30 32 33 35 36 38 43 48 49 51 52 55 57 58 59 
Interval 331: 0 1 2 3 4 5 6 7 8 9 10 11 12 13 14 15 16 17 18 19 21 22 24 25 26 28 30 31 32 33 34 36 38 42 44 50 51 52 57 59 
Interval 332: 0 1 2 3 4 5 6 7 8 9 10 11 12 13 15 16 17 18 19 21 22 23 25 26 30 31 32 33 34 35 36 38 43 44 45 46 50 53 59 
Interval 333: 0 1 2 3 4 5 6 7 8 9 10 11 12 13 15 16 17 19 20 22 23 24 27 31 32 34 38 39 41 44 46 47 49 54 55 59 
Interval 334: 0 1 2 3 4 5 6 7 8 9 10 11 12 13 14 15 16 17 18 20 21 22 25 27 29 30 31 32 34 36 39 40 43 44 50 55 58 59 
Interval 335: 0 1 2 3 4 5 6 7 8 9 10 12 13 14 15 16 17 18 19 20 21 24 26 27 29 31 33 34 35 36 37 38 40 41 42 49 53 55 58 
Interval 336: 0 1 2 3 4 5 6 7 8 9 10 12 13 15 16 17 18 19 20 24 25 26 27 32 33 34 36 37 39 40 48 51 52 54 58 
Interval 337: 0 1 2 3 4 5 6 7 8 10 11 12 13 14 15 16 17 20 21 23 24 25 27 28 29 30 31 32 33 34 47 49 50 51 56 58 
Interval 338: 0 1 2 3 4 5 6 7 8 9 10 11 12 13 15 17 18 19 20 22 24 25 27 30 35 37 38 39 40 41 44 49 50 54 55 58 
Interval 339: 0 1 2 3 4 5 6 8 9 10 12 13 16 17 18 19 21 24 25 26 32 34 35 36 38 43 49 53 58 
Interval 340: 0 1 2 3 4 5 6 7 8 9 10 11 12 13 14 15 16 17 18 19 20 22 23 24 25 27 29 31 32 33 34 39 41 45 46 49 50 51 54 58 
Interval 341: 0 1 2 3 4 5 6 7 8 9 11 12 13 14 15 16 17 18 23 24 27 28 29 30 31 32 33 34 35 36 37 46 48 49 57 58 
Interval 342: 0 1 2 3 4 5 6 7 8 9 10 11 12 13 14 15 17 18 19 20 23 24 25 28 29 31 34 35 37 38 39 46 48 51 57 58 
Interval 343: 0 1 2 3 4 5 6 7 8 9 10 11 12 13 14 15 16 18 19 21 23 24 25 26 27 28 30 31 32 33 36 37 39 43 48 50 52 55 57 58 
Interval 344: 0 1 2 3 4 5 6 7 8 9 10 11 12 13 14 15 17 19 20 21 22 23 24 26 27 28 31 34 35 38 41 43 45 47 48 52 54 55 58 
Interval 345: 0 1 2 3 4 5 6 7 8 9 10 11 12 13 14 15 16 17 18 19 20 23 25 26 27 28 29 30 31 33 37 38 46 51 52 55 56 58 
Interval 346: 0 1 2 3 4 5 6 7 8 9 10 11 12 13 14 15 16 17 18 19 20 23 24 25 27 28 29 30 32 33 34 37 39 40 41 46 47 48 51 56 58 
Interval 347: 0 1 2 3 4 5 6 7 8 9 10 11 12 13 14 15 16 18 19 21 22 23 24 26 27 29 30 31 32 36 37 39 43 44 46 47 53 55 57 58 
Interval 348: 0 1 2 3 4 5 6 7 8 9 11 13 14 15 16 17 18 19 22 23 26 27 28 30 31 32 35 36 37 38 44 46 47 53 54 55 56 57 
Interval 349: 0 1 2 3 4 5 7 8 9 10 11 14 15 16 17 18 19 20 21 22 23 28 29 30 31 33 34 35 37 38 40 43 44 46 47 56 57 
Interval 350: 0 1 2 3 4 5 6 7 8 9 10 11 12 13 15 16 18 19 20 22 23 24 25 26 27 30 31 32 33 36 40 45 46 51 52 53 55 57 
Interval 351: 0 1 2 3 4 5 6 7 8 9 10 11 12 13 14 16 17 19 21 22 23 25 27 28 29 34 38 39 43 45 47 51 55 56 57 
Interval 352: 0 1 2 3 4 5 6 7 8 9 10 11 12 14 15 16 17 18 19 20 22 24 25 28 30 31 32 34 35 36 37 38 40 49 50 57 
Interval 353: 0 1 2 3 4 5 6 7 8 9 10 11 12 13 14 15 17 18 19 21 22 24 26 27 28 29 30 31 35 37 38 43 44 48 54 55 56 57 
Interval 354: 0 1 2 3 4 5 6 7 8 9 10 11 12 13 14 16 17 19 21 23 25 26 27 29 32 33 34 38 39 42 43 46 47 51 52 53 55 57 
Interval 355: 0 1 2 3 4 5 6 7 8 9 10 11 12 13 14 15 16 17 18 19 21 22 25 27 28 29 31 33 34 35 36 37 38 42 43 50 57 
Interval 356: 0 1 2 3 4 5 6 8 9 10 11 12 13 16 18 19 20 22 23 24 27 33 36 37 38 39 41 45 47 48 54 55 57 
Interval 357: 0 1 2 3 4 5 6 7 8 9 10 11 12 13 14 15 16 17 18 21 22 23 24 25 26 28 31 32 33 34 37 46 48 50 53 56 57 
Interval 358: 0 1 2 3 4 5 6 7 8 9 10 11 13 14 15 16 17 18 19 20 21 22 26 28 30 31 34 37 38 39 40 45 52 57 
Interval 359: 0 1 2 3 4 5 6 7 8 9 10 11 12 13 14 15 16 17 18 20 23 25 26 27 28 30 32 34 35 36 37 41 46 50 51 54 56 57 
Interval 360: 0 1 2 3 4 5 6 7 8 9 10 11 12 14 15 16 17 18 20 21 24 28 29 30 31 32 36 40 42 49 57 
Interval 361: 0 1 2 3 4 5 6 7 8 9 10 11 12 14 16 17 18 21 23 24 25 28 29 32 33 36 37 42 43 46 48 56 
Interval 362: 0 1 2 3 4 5 6 7 8 9 10 11 12 13 14 15 16 17 18 20 23 24 25 27 28 29 30 31 33 34 36 40 46 49 50 55 56 
Interval 363: 0 1 2 3 4 5 6 7 8 9 10 11 12 14 15 16 17 18 19 20 21 22 24 25 28 30 32 33 34 36 39 41 42 45 49 56 
Interval 364: 0 1 2 3 4 5 6 7 8 9 10 11 12 13 14 15 16 17 18 19 21 22 23 24 25 26 29 31 32 37 39 42 46 48 50 52 53 56 
Interval 365: 0 1 2 3 4 5 6 7 8 9 10 11 12 13 15 16 17 18 19 21 22 23 24 26 27 31 32 33 34 36 37 38 43 44 46 49 53 54 56 
Interval 366: 0 1 2 3 4 5 6 7 8 9 10 11 12 13 14 15 16 17 18 19 20 23 24 25 26 27 29 31 32 34 36 37 39 41 46 47 51 52 56 
Interval 367: 0 1 2 3 4 5 6 7 8 9 10 11 12 13 14 15 17 18 19 20 22 23 24 26 27 28 29 31 34 35 37 38 41 49 52 53 55 56 
Interval 368: 0 1 2 3 4 5 6 7 8 9 10 11 12 14 15 16 17 18 20 22 23 24 25 29 30 32 33 34 36 37 40 41 45 47 49 50 56 
Interval 369: 0 1 2 3 4 5 6 7 8 9 10 11 12 14 15 16 17 18 19 21 22 23 24 25 29 31 32 33 34 35 36 38 39 42 44 46 48 49 51 56 
Interval 370: 0 1 2 3 4 5 6 7 8 9 10 11 12 13 14 15 17 18 19 21 23 25 26 28 29 30 31 34 37 39 42 46 50 51 52 53 56 
Interval 371: 0 1 2 3 4 5 6 8 9 10 11 12 13 16 17 18 19 21 23 25 26 27 33 34 35 36 38 39 42 50 53 55 56 
Interval 372: 0 1 2 3 4 5 6 7 8 9 10 11 12 13 14 15 16 17 18 19 20 22 23 24 25 27 28 30 32 33 35 36 37 44 45 46 48 51 54 55 56 
Interval 373: 0 1 2 3 4 5 6 7 8 9 10 11 12 13 14 15 16 17 18 20 21 22 23 24 26 27 28 31 32 33 35 37 41 44 46 47 49 52 55 56 
Interval 374: 0 1 2 3 4 5 6 7 8 9 10 11 12 13 14 15 16 18 20 21 22 23 24 25 26 27 28 29 30 33 36 40 42 44 47 48 50 55 56 
Interval 375: 0 1 2 3 4 5 6 7 8 9 10 11 12 13 14 15 16 17 18 19 20 23 24 25 26 27 28 31 32 33 34 36 39 40 47 49 50 53 55 
Interval 376: 0 1 2 3 4 5 6 7 8 9 10 11 12 13 15 16 17 18 19 21 22 23 24 25 26 30 33 34 35 36 38 42 43 45 46 50 53 55 
Interval 377: 0 1 2 3 4 5 6 7 8 9 10 12 13 14 15 16 17 18 19 21 24 25 26 27 29 30 33 35 36 37 39 43 48 50 53 55 
Interval 378: 0 1 2 3 4 5 6 7 8 9 11 12 13 14 15 16 17 18 19 23 24 26 27 28 29 30 33 34 36 37 38 46 52 55 
Interval 379: 0 1 2 3 4 5 6 7 8 9 10 11 12 13 14 15 16 17 18 20 21 23 25 27 29 30 31 33 35 37 41 42 50 55 
Interval 380: 0 1 2 3 4 5 6 7 8 9 11 12 13 14 15 16 17 19 22 25 27 29 30 31 33 35 38 39 44 45 50 55 
Interval 381: 0 1 2 3 4 5 6 7 8 9 10 11 12 13 14 15 16 18 19 20 21 22 24 25 26 28 29 32 37 38 40 41 43 44 45 48 52 55 
Interval 382: 0 1 2 3 4 5 6 7 8 9 10 11 12 13 14 16 17 18 19 21 22 24 26 27 28 32 34 37 43 44 45 49 53 54 55 
Interval 383: 0 1 2 3 4 5 6 7 8 9 10 11 13 14 15 16 18 19 22 23 26 27 29 30 31 32 33 36 37 38 45 47 52 53 55 
Interval 384: 0 1 2 3 4 5 6 7 8 9 10 11 12 13 14 16 17 19 20 21 22 24 25 27 28 29 33 34 35 38 41 42 44 51 54 55 
Interval 385: 0 1 2 3 4 5 6 7 8 9 11 12 13 14 15 16 17 18 19 23 25 27 28 29 30 32 33 34 36 37 39 47 51 55 
Interval 386: 0 1 2 3 4 5 6 7 8 9 10 11 12 13 14 17 18 19 20 21 22 23 24 26 27 28 34 35 37 38 40 42 43 46 47 48 52 55 
Interval 387: 0 1 2 3 4 5 6 7 8 9 10 11 12 13 14 15 16 17 18 19 20 21 24 26 28 29 30 32 33 34 37 38 40 43 53 54 55 
Interval 388: 0 1 2 3 4 5 6 7 8 9 10 11 12 13 14 15 16 17 18 20 21 22 23 24 25 26 29 30 31 33 35 37 40 41 43 47 49 50 51 54 
Interval 389: 0 1 2 3 4 5 6 7 8 9 10 11 12 13 14 15 17 18 19 20 23 24 25 27 28 29 30 31 34 35 37 40 46 49 50 54 
Interval 390: 0 1 2 3 4 5 6 7 8 9 10 11 12 13 14 15 16 17 18 19 20 23 24 25 27 28 30 33 35 36 38 40 46 50 51 54 
Interval 391: 0 1 2 3 4 5 6 7 8 9 10 11 12 13 14 15 16 19 20 21 22 23 25 26 27 29 30 32 38 40 43 45 51 52 53 54 
Interval 392: 0 1 2 3 4 5 6 7 8 9 10 11 12 13 14 16 17 18 19 20 21 22 23 25 26 27 28 32 33 34 39 40 41 42 43 47 51 54 
Interval 393: 0 1 2 3 4 5 6 7 8 9 10 11 13 14 15 16 17 18 19 20 21 22 26 28 29 30 32 33 34 35 36 38 44 52 54 
Interval 394: 0 1 2 3 4 5 6 7 8 9 10 11 12 13 14 15 16 18 19 21 22 23 24 25 26 27 28 31 32 36 38 42 43 44 46 48 49 50 53 54 
Interval 395: 0 1 2 3 4 5 6 7 8 9 10 11 12 13 14 15 17 18 19 20 21 22 23 24 25 27 28 29 30 34 35 38 39 43 44 48 50 54 
Interval 396: 0 1 2 3 4 5 6 7 8 9 10 12 13 14 15 16 18 19 20 21 22 24 26 27 29 31 32 33 36 38 41 42 45 49 52 53 54 
Interval 397: 0 1 2 3 4 5 6 7 8 9 10 11 13 14 15 16 17 18 19 20 21 22 23 26 28 29 31 32 35 36 38 40 42 44 46 47 53 54 
Interval 398: 0 1 2 3 4 5 6 7 8 9 11 12 13 14 15 17 18 19 22 24 26 27 28 29 30 31 34 36 44 48 52 54 
Interval 399: 0 1 2 3 4 5 6 7 8 9 10 11 12 14 15 16 17 18 20 22 25 28 29 31 32 33 34 35 36 40 45 54 
Interval 400: 0 1 2 3 4 5 6 7 8 9 10 13 14 15 16 17 18 19 20 21 26 27 28 29 30 31 32 34 36 37 38 41 42 52 53 54 
Interval 401: 0 1 2 3 4 5 7 8 9 10 11 14 15 17 18 19 20 21 22 23 28 29 30 31 35 36 38 39 40 43 47 53 
Interval 402: 0 1 2 3 4 5 6 7 8 9 10 11 12 13 14 15 16 17 18 20 21 23 24 25 26 27 28 30 31 32 36 41 42 47 49 50 52 53 
Interval 403: 0 1 2 3 4 5 6 7 8 9 10 11 12 13 14 15 16 17 18 19 21 22 23 24 26 28 30 32 34 35 36 39 42 43 44 47 53 
Interval 404: 0 1 2 3 4 5 6 7 8 9 10 11 12 13 14 15 16 17 18 20 21 22 24 25 26 27 28 29 30 31 32 36 43 44 49 50 52 53 
Interval 405: 0 1 2 3 4 5 6 7 8 9 10 11 12 13 14 15 16 17 19 20 21 22 25 26 27 28 30 31 32 33 34 35 39 40 42 51 53 
Interval 406: 0 1 2 3 4 5 6 7 8 9 10 11 12 13 14 15 17 18 19 20 21 24 26 27 28 29 30 34 36 37 40 41 43 49 53 
Interval 407: 0 1 2 3 4 5 6 7 8 9 10 11 12 13 15 16 17 19 20 21 22 24 26 27 32 34 35 39 40 43 48 52 53 
Interval 408: 0 1 2 3 4 5 6 7 8 9 10 11 12 13 14 15 17 18 19 20 23 24 25 26 27 28 29 30 31 35 37 38 46 48 51 52 53 
Interval 409: 0 1 2 3 4 5 6 7 8 9 10 11 12 13 14 15 16 17 18 19 20 22 23 24 25 26 28 29 30 33 37 39 44 45 47 48 49 50 51 53 
Interval 410: 0 1 2 3 4 5 6 7 8 9 10 11 12 13 15 16 17 18 20 21 22 23 24 27 31 32 33 35 36 40 43 44 47 48 53 
Interval 411: 0 1 2 3 4 5 6 7 8 9 11 12 13 14 15 16 17 18 22 23 24 26 27 28 31 32 33 34 36 44 47 48 49 52 53 
Interval 412: 0 1 2 3 4 5 6 7 8 9 10 12 13 14 15 16 17 18 19 20 21 24 25 26 27 28 31 32 35 37 39 40 42 48 49 51 53 
Interval 413: 0 1 2 3 4 5 6 7 8 9 10 11 12 14 15 16 17 18 19 21 22 23 24 25 29 30 32 33 34 36 38 43 44 45 47 51 52 53 
Interval 414: 0 1 2 3 4 5 6 7 8 9 10 11 12 13 14 15 16 17 19 21 22 25 26 27 28 29 30 33 34 39 44 51 52 
Interval 415: 0 1 2 3 4 5 6 7 8 9 10 11 12 13 14 15 16 17 18 19 20 21 22 25 26 28 30 32 35 36 37 39 40 41 45 51 52 
Interval 416: 0 1 2 3 4 5 6 7 9 10 11 12 13 15 18 19 20 21 22 23 24 25 26 30 31 36 38 40 43 44 45 46 48 49 51 52 
Interval 417: 0 1 2 3 4 5 6 7 8 9 10 11 12 13 14 16 17 18 19 20 21 22 23 25 26 27 29 32 34 36 38 41 43 44 47 51 52 
Interval 418: 0 1 2 3 4 5 6 7 9 10 11 12 13 15 18 19 20 21 23 24 25 26 30 31 36 37 38 40 41 43 46 48 50 52 
Interval 419: 0 1 2 3 4 5 6 7 8 9 10 11 12 13 14 15 17 19 20 21 23 25 26 27 28 29 30 34 35 38 40 43 47 50 51 52 
Interval 420: 0 1 2 3 4 5 6 7 8 9 10 11 12 14 15 16 17 18 19 20 21 22 23 24 25 28 29 30 32 35 37 38 39 41 43 45 46 49 51 52 
Interval 421: 0 1 2 3 4 5 6 7 8 9 10 11 12 13 14 15 16 17 18 19 20 21 23 25 26 30 32 33 35 37 39 42 43 47 50 52 
Interval 422: 0 1 2 3 4 5 6 7 8 9 10 11 12 13 14 15 16 18 19 23 25 26 27 28 29 31 32 36 37 46 50 52 
Interval 423: 0 1 2 3 4 5 6 7 9 10 11 12 13 14 15 19 20 22 23 24 25 27 28 29 30 31 38 40 41 45 47 51 52 
Interval 424: 0 1 2 3 4 5 6 7 8 9 10 11 12 13 14 15 16 17 18 21 22 24 25 26 28 29 30 31 32 34 36 37 43 44 50 52 
Interval 425: 0 1 2 3 4 5 6 7 8 9 10 11 12 13 15 16 17 18 20 21 23 24 25 26 30 32 34 35 36 37 40 41 42 46 48 51 52 
Interval 426: 0 1 2 3 4 5 6 7 8 9 10 11 12 13 14 16 17 18 19 20 21 22 23 24 25 26 27 29 32 34 36 37 38 44 45 49 51 52 
Interval 427: 0 1 2 3 4 5 6 7 8 9 10 12 13 14 15 16 17 18 19 21 24 26 27 28 29 31 32 35 36 37 39 43 48 49 51 
Interval 428: 0 1 2 3 4 5 6 7 8 9 10 12 13 14 15 16 17 18 20 25 26 28 30 31 32 33 34 35 37 40 41 51 
Interval 429: 0 1 2 3 4 5 6 7 8 9 10 11 12 13 14 15 16 17 18 20 23 24 25 26 27 29 30 31 32 33 34 37 40 41 47 49 51 
Interval 430: 0 1 2 3 4 5 6 7 8 9 10 11 12 13 14 15 16 17 18 19 20 22 24 25 27 28 29 30 32 33 34 36 37 38 39 48 51 
Interval 431: 0 1 2 3 4 5 6 7 8 9 10 11 12 13 14 16 17 18 19 21 22 23 24 25 26 27 28 32 33 34 37 38 43 44 46 47 48 49 51 
Interval 432: 0 1 2 3 4 5 6 7 8 9 10 11 13 14 15 16 17 18 19 21 22 23 27 29 30 31 32 34 37 38 51 
Interval 433: 0 1 2 3 4 5 6 7 8 9 10 11 12 13 14 15 16 17 18 19 20 22 23 25 26 27 28 29 31 33 34 37 39 44 45 46 51 
Interval 434: 0 1 2 3 4 5 6 7 8 9 10 11 12 13 14 16 17 18 19 22 24 25 26 27 29 32 33 34 35 36 37 38 44 45 48 51 
Interval 435: 0 1 2 3 4 5 6 7 8 9 10 11 12 13 14 15 17 18 20 22 25 26 27 28 29 31 34 35 36 37 41 50 51 
Interval 436: 0 1 2 3 4 5 6 7 8 9 10 11 12 13 14 15 16 17 18 21 23 24 25 26 27 30 31 32 33 34 35 36 43 46 47 49 51 
Interval 437: 0 1 2 3 4 5 6 7 8 9 10 11 13 14 15 16 17 19 20 23 26 27 28 29 30 31 32 33 34 38 41 46 51 
Interval 438: 0 1 2 3 4 5 6 7 8 9 10 11 12 13 14 15 16 17 18 19 20 21 22 24 25 26 28 29 30 32 33 36 39 41 42 43 44 45 48 51 
Interval 439: 0 1 2 3 4 5 6 7 8 9 10 11 12 13 15 16 17 18 19 20 21 22 25 26 27 31 32 33 34 35 37 38 41 43 44 45 50 51 
Interval 440: 0 1 2 3 4 5 6 7 8 9 11 12 14 15 16 17 18 19 23 25 29 30 31 32 34 35 36 37 38 39 46 50 
Interval 441: 0 1 2 3 4 5 6 7 8 9 10 11 12 14 15 16 17 18 19 20 21 22 23 25 29 30 31 32 33 34 35 36 39 43 47 50 
Interval 442: 0 1 2 3 4 5 6 7 8 9 10 11 12 13 14 15 16 17 18 19 20 21 23 25 27 28 30 32 33 35 36 38 39 43 46 50 
Interval 443: 0 1 2 3 4 5 6 7 8 9 10 11 12 13 14 15 17 19 20 21 22 24 25 26 27 28 29 30 31 34 35 38 39 40 44 49 50 
Interval 444: 0 1 2 3 4 5 6 7 8 9 10 11 12 13 15 16 18 20 21 23 24 26 30 31 32 33 36 37 41 43 46 48 50 
Interval 445: 0 1 2 3 4 5 6 7 8 9 10 11 12 13 14 15 16 17 18 19 21 22 23 24 25 26 28 29 31 33 34 36 37 38 42 43 45 46 47 50 
Interval 446: 0 1 2 3 4 5 6 7 8 9 10 12 13 14 15 16 17 18 20 21 24 25 27 28 29 32 33 35 36 37 41 42 43 49 50 
Interval 447: 0 1 2 3 4 5 6 7 8 9 10 11 12 13 14 15 16 17 18 20 22 23 24 25 27 28 29 31 33 35 37 40 44 45 46 48 49 50 
Interval 448: 0 1 2 3 4 5 6 7 8 9 10 11 12 13 14 15 16 17 18 19 20 21 23 25 26 27 28 29 31 33 35 36 37 38 39 41 43 46 50 
Interval 449: 0 1 2 3 4 5 6 7 8 9 10 11 12 13 14 15 17 18 19 20 21 22 25 26 27 28 29 30 31 34 37 39 40 42 45 50 
Interval 450: 0 1 2 3 4 5 6 7 8 9 11 13 14 15 16 17 18 19 22 26 27 28 29 30 31 32 33 35 36 38 44 50 
Interval 451: 0 1 2 3 4 5 6 7 8 9 10 11 12 13 14 15 16 17 18 19 20 21 23 24 27 29 30 32 34 35 39 41 43 46 47 49 50 
Interval 452: 0 1 2 3 4 5 6 7 8 9 10 11 12 13 14 15 16 17 18 19 21 22 23 24 26 27 28 31 32 34 35 36 37 39 43 44 47 49 50 
Interval 453: 0 1 2 3 4 5 6 7 8 9 10 11 12 13 14 15 16 17 18 19 21 22 24 26 27 29 30 33 36 38 42 43 45 48 49 
Interval 454: 0 1 2 3 4 5 6 7 8 9 11 12 13 14 16 17 18 19 22 23 24 27 29 32 33 34 35 36 37 38 44 47 49 
Interval 455: 0 1 2 3 4 5 6 7 8 9 10 11 12 13 14 15 16 17 19 20 21 23 24 25 27 29 30 31 32 34 35 38 39 42 47 49 
Interval 456: 0 1 2 3 4 5 6 7 8 9 10 11 12 13 14 16 17 19 20 22 24 25 26 27 28 32 33 35 38 41 44 45 48 49 
Interval 457: 0 1 2 3 4 5 6 7 8 9 10 11 13 15 16 17 18 19 20 22 23 26 27 30 33 34 35 36 37 38 39 40 41 45 49 
Interval 458: 0 1 2 3 4 5 6 7 8 9 10 11 12 13 14 15 16 17 18 19 20 21 22 24 26 28 29 31 32 34 35 36 38 40 42 44 48 49 
Interval 459: 0 1 2 3 4 5 6 7 8 9 11 12 13 14 16 17 18 19 23 24 26 27 28 29 32 34 35 36 37 38 39 46 47 49 
Interval 460: 0 1 2 3 4 5 6 7 8 9 10 11 12 13 15 16 17 18 20 22 24 25 27 30 32 33 35 37 44 45 48 49 
Interval 461: 0 1 2 3 4 5 6 7 8 9 10 12 13 14 15 16 17 18 19 21 25 26 28 30 31 32 34 35 36 37 39 42 43 49 
Interval 462: 0 1 2 3 4 5 6 7 8 9 10 11 12 13 14 15 17 18 19 21 22 23 24 26 27 28 29 30 35 36 38 39 43 44 48 49 
Interval 463: 0 1 2 3 4 5 6 7 8 9 10 11 12 13 14 15 16 17 18 21 22 24 26 28 29 31 32 33 35 36 37 42 43 44 48 49 
Interval 464: 0 1 2 3 4 5 6 7 8 9 10 11 13 14 15 16 17 18 19 22 23 26 27 28 30 32 33 34 35 37 38 44 46 47 49 
Interval 465: 0 1 2 3 4 5 6 7 8 10 11 12 13 14 15 16 17 20 21 22 23 24 27 28 29 31 32 33 35 40 43 45 46 47 48 49 
Interval 466: 0 1 2 3 4 5 6 7 8 9 10 11 12 13 14 15 17 18 19 21 22 25 26 28 29 30 31 34 36 37 38 39 43 44 48 
Interval 467: 0 1 2 3 4 5 6 7 8 9 10 11 12 13 14 15 16 17 18 19 20 21 23 24 25 26 27 29 31 32 33 34 36 37 38 40 41 42 46 48 
Interval 468: 0 1 2 3 4 5 6 7 8 9 10 11 12 13 14 15 17 18 19 20 21 23 24 25 26 27 28 30 31 35 36 39 42 43 46 48 
Interval 469: 0 1 2 3 4 5 6 7 8 9 10 11 12 13 14 16 18 19 20 22 23 24 26 27 28 29 32 33 36 37 38 40 41 44 46 47 48 
Interval 470: 0 1 2 3 4 5 6 7 8 9 10 11 12 13 14 15 16 17 18 19 20 21 22 23 24 26 27 28 29 31 33 34 35 36 38 40 41 42 45 47 48 
Interval 471: 0 1 2 3 4 5 6 7 8 9 10 11 12 13 14 15 16 18 19 21 22 23 24 26 27 31 33 36 37 38 39 45 47 48 
Interval 472: 0 1 2 3 4 5 6 7 8 9 10 11 12 13 14 15 16 17 18 20 22 23 24 25 26 28 31 32 35 36 37 45 46 48 
Interval 473: 0 1 2 3 4 5 6 7 8 9 11 12 13 14 15 16 17 19 23 24 25 27 29 30 32 33 34 35 46 47 48 
Interval 474: 0 1 2 3 4 5 6 7 8 9 10 11 13 14 16 17 19 21 22 23 27 29 32 33 35 38 43 44 47 48 
Interval 475: 0 1 2 3 4 5 6 7 8 9 10 11 12 13 14 16 18 19 21 22 23 25 26 27 28 29 33 37 38 43 44 48 
Interval 476: 0 1 2 3 4 5 6 7 8 9 10 12 13 14 15 17 18 19 20 21 24 25 27 28 30 31 35 36 37 41 42 48 
Interval 477: 0 1 2 3 4 5 6 7 8 9 10 11 12 13 14 15 16 17 18 19 21 22 24 25 26 27 28 30 32 33 34 35 37 38 39 42 45 48 
Interval 478: 0 1 2 3 4 5 6 7 8 9 10 11 12 13 14 15 16 17 18 19 23 24 26 27 28 30 31 32 36 37 39 47 48 
Interval 479: 0 1 2 3 4 5 6 7 8 9 10 11 12 13 14 15 16 17 18 19 21 22 23 24 25 26 27 29 30 32 34 35 38 42 44 46 47 
Interval 480: 0 1 2 3 4 5 6 7 8 9 10 11 12 13 14 15 16 17 18 19 21 23 24 26 29 30 33 35 36 39 42 43 47 
Interval 481: 0 1 2 3 4 5 6 7 8 9 10 11 12 13 14 15 16 17 18 19 20 22 23 25 27 28 29 30 31 32 35 37 41 45 47 
Interval 482: 0 1 2 3 4 5 6 7 8 9 10 11 12 13 14 15 16 17 19 20 21 23 25 26 28 30 32 34 38 39 40 42 43 46 47 
Interval 483: 0 1 2 3 4 5 6 7 8 9 10 11 12 13 14 15 16 17 18 19 21 23 24 26 29 30 31 32 33 37 38 39 47 
Interval 484: 0 1 2 3 4 5 6 7 8 9 10 11 13 14 15 16 18 19 20 21 22 26 27 28 31 32 33 37 38 41 42 45 47 
Interval 485: 0 1 2 3 4 5 6 7 9 10 11 12 13 14 15 18 19 20 21 22 24 25 27 28 30 36 37 38 43 44 45 47 
Interval 486: 0 1 2 3 4 5 6 7 8 9 10 11 12 13 14 15 16 17 18 20 21 22 23 24 25 26 28 29 30 31 32 33 35 41 43 44 46 47 
Interval 487: 0 1 2 3 4 6 7 8 9 12 13 14 15 16 17 18 19 24 25 28 29 31 33 34 35 36 38 39 47 
Interval 488: 0 1 2 3 4 5 6 7 8 9 10 12 13 15 16 17 19 20 24 25 26 27 30 32 34 39 47 
Interval 489: 0 1 2 3 4 5 6 7 8 9 11 12 13 14 15 16 17 18 19 22 23 24 25 26 27 28 29 31 33 34 36 37 38 44 47 
Interval 490: 0 1 2 3 4 5 6 7 8 9 10 11 12 13 14 15 16 17 18 19 20 22 23 24 26 27 28 29 31 32 33 34 36 37 38 40 41 45 46 47 
Interval 491: 0 1 2 3 4 5 6 7 8 10 12 13 15 16 17 20 21 24 26 27 30 31 32 33 34 40 42 46 47 
Interval 492: 0 1 2 3 4 5 6 7 8 9 10 11 12 13 14 15 16 17 19 20 21 22 23 24 26 29 31 32 34 35 38 44 46 
Interval 493: 0 1 2 3 4 5 6 7 8 9 10 12 13 14 16 17 18 19 21 25 26 28 29 32 33 35 36 38 42 43 46 
Interval 494: 0 1 2 3 4 5 6 7 8 9 10 11 12 13 14 15 16 17 19 20 21 22 23 24 27 29 30 31 33 35 38 40 43 45 46 
Interval 495: 0 1 2 3 4 5 6 7 8 9 10 11 12 13 14 15 17 18 19 20 22 23 24 26 27 28 29 31 34 36 38 40 44 45 46 
Interval 496: 0 1 2 3 4 5 6 7 8 10 11 12 13 14 15 16 17 20 21 23 24 26 27 28 30 31 33 40 42 43 46 
Interval 497: 0 1 2 3 4 5 6 7 8 9 10 11 12 13 14 16 17 18 19 20 21 22 23 25 26 28 32 33 35 37 38 39 40 41 43 44 45 46 
Interval 498: 0 1 2 3 4 5 6 7 8 9 10 12 13 14 15 16 17 18 19 20 21 24 25 26 29 32 34 35 36 37 39 41 42 46 
Interval 499: 0 1 2 3 4 5 6 7 8 9 10 11 13 14 15 16 18 19 20 21 22 27 28 30 31 33 36 37 38 39 41 42 45 46 
Interval 500: 0 1 2 3 4 5 6 7 8 9 10 11 12 13 15 16 17 18 21 22 23 25 31 32 33 34 35 37 42 44 46 
Interval 501: 0 1 2 3 4 5 6 7 8 11 13 14 15 16 17 22 23 27 28 31 32 33 34 44 45 46 
Interval 502: 0 1 2 3 4 5 6 7 8 9 10 11 12 13 14 15 16 18 19 20 21 22 23 25 26 27 29 30 32 33 36 39 41 42 44 46 
Interval 503: 0 1 2 3 4 5 6 7 8 9 10 11 12 13 14 16 17 18 19 21 23 24 25 26 28 29 33 35 36 38 39 42 43 46 
Interval 504: 0 1 2 3 4 5 6 7 8 9 10 11 12 13 14 15 16 18 19 20 22 24 25 26 29 31 33 36 37 40 41 44 45 46 
Interval 505: 0 1 2 3 4 5 6 7 8 9 11 12 13 14 15 16 17 18 22 23 24 25 26 28 29 30 31 32 34 35 37 45 
Interval 506: 0 1 2 3 4 5 6 7 8 9 10 11 12 13 15 17 18 19 20 21 22 23 24 25 26 27 30 31 36 37 38 43 44 45 
Interval 507: 0 1 2 3 4 5 6 7 8 9 10 11 12 13 14 15 16 17 19 20 21 22 23 25 27 30 31 32 35 38 39 40 43 44 45 
Interval 508: 0 1 2 3 4 5 6 7 8 9 11 12 13 14 15 16 17 18 19 23 25 26 27 28 32 33 34 35 38 45 
Interval 509: 0 1 2 3 4 5 6 7 8 9 10 12 13 14 16 17 18 19 20 21 24 25 26 27 28 29 33 34 37 40 41 42 45 
Interval 510: 0 1 2 3 4 5 6 7 8 9 10 11 12 13 14 15 16 17 18 19 21 23 24 25 27 28 31 32 35 36 37 38 39 42 43 45 
Interval 511: 0 1 2 3 4 5 6 7 8 9 10 11 12 13 14 15 16 17 18 19 21 22 23 24 25 26 27 28 32 33 35 37 38 43 45 
Interval 512: 0 1 2 3 4 5 6 7 8 9 10 11 12 13 14 15 16 17 18 19 20 23 24 26 27 29 30 32 33 36 38 40 45 
Interval 513: 0 1 2 3 4 5 6 7 8 9 10 11 12 13 14 15 16 17 18 19 21 22 25 26 29 30 31 32 35 37 38 44 45 
Interval 514: 0 1 2 3 4 5 6 7 8 9 10 11 12 13 14 16 18 19 20 21 22 23 24 25 26 29 32 33 36 38 39 40 41 42 44 45 
Interval 515: 0 1 2 3 4 5 6 7 8 9 10 11 13 14 15 16 17 18 21 22 23 27 28 29 30 31 33 35 36 37 42 44 45 
Interval 516: 0 1 2 3 4 5 6 7 8 10 11 12 13 14 15 16 17 20 21 22 23 25 28 29 30 31 32 35 40 43 45 
Interval 517: 0 1 2 3 4 5 6 7 8 9 10 12 13 14 15 16 17 18 21 24 25 26 27 29 31 32 33 34 36 43 44 45 
Interval 518: 0 1 2 3 4 5 6 7 8 9 10 12 13 14 15 16 17 18 19 20 24 25 27 28 29 30 31 32 34 37 39 40 44 
Interval 519: 0 1 2 3 4 5 6 7 8 9 11 12 13 14 15 17 18 19 23 24 25 26 27 28 29 30 31 34 35 36 37 39 44 
Interval 520: 0 1 2 3 4 5 6 7 8 9 10 12 13 14 15 16 17 18 19 20 24 25 27 28 29 30 31 32 33 34 36 37 39 40 44 
Interval 521: 0 1 2 3 4 5 6 7 8 9 10 11 13 14 15 16 17 18 19 21 22 23 27 28 30 31 32 34 36 38 39 42 44 
Interval 522: 0 1 2 3 4 5 6 7 8 9 10 11 12 13 14 15 16 18 19 21 23 24 25 26 27 28 30 32 33 36 37 38 43 44 
Interval 523: 0 1 2 3 4 5 6 7 8 9 10 12 13 14 15 16 17 18 21 24 25 26 27 28 29 31 32 33 34 36 37 43 44 
Interval 524: 0 1 2 3 4 5 6 7 8 9 10 11 12 13 14 15 16 17 18 19 20 21 23 24 25 27 30 32 34 36 40 41 43 44 
Interval 525: 0 1 2 3 4 5 6 7 8 9 10 11 12 13 14 15 16 17 18 20 21 23 24 27 29 30 32 33 35 37 41 42 44 
Interval 526: 0 1 2 3 4 5 6 7 8 9 10 12 13 14 15 17 18 19 20 21 25 26 27 28 29 30 31 34 35 36 37 39 41 44 
Interval 527: 0 1 2 3 4 5 6 7 8 9 10 11 12 13 14 17 18 19 20 21 23 24 25 26 27 28 29 35 36 38 39 41 42 44 
Interval 528: 0 1 2 3 4 5 6 7 8 9 10 11 12 13 14 15 16 17 18 21 23 25 27 28 29 30 31 32 33 34 35 36 42 44 
Interval 529: 0 1 2 3 4 5 6 7 8 9 10 11 12 14 15 16 17 18 19 20 21 22 25 28 29 31 32 34 35 37 39 40 43 44 
Interval 530: 0 1 2 3 4 5 6 7 8 9 10 11 12 13 14 15 16 17 19 21 23 24 25 27 28 30 31 32 34 39 43 44 
Interval 531: 0 1 2 3 4 5 6 7 8 9 10 11 12 13 14 15 16 17 18 20 21 22 23 24 27 29 30 34 35 36 41 43 
Interval 532: 0 1 2 3 4 5 6 7 8 9 10 12 13 14 15 16 17 18 21 24 25 26 27 29 31 32 33 35 37 42 43 
Interval 533: 0 1 2 3 4 5 6 7 8 9 10 11 12 13 14 15 16 17 18 19 20 22 23 25 27 29 30 31 35 37 40 41 43 
Interval 534: 0 1 2 3 4 5 6 7 8 9 11 12 13 14 15 16 18 19 23 25 26 27 28 29 30 31 32 33 36 39 43 
Interval 535: 0 1 2 3 4 5 6 7 8 9 10 11 12 14 15 16 18 19 20 21 22 23 24 28 29 30 31 33 37 39 40 42 43 
Interval 536: 0 1 2 3 4 5 6 7 8 9 10 11 12 13 15 16 17 18 20 21 23 24 26 27 30 31 32 33 34 35 37 41 42 43 
Interval 537: 0 1 2 3 4 5 6 7 8 9 10 11 12 13 15 16 17 18 22 24 25 27 30 32 33 34 35 36 37 43 
Interval 538: 0 1 2 3 4 5 6 7 8 9 10 11 12 13 14 15 16 17 18 20 21 23 24 25 27 29 30 34 36 37 40 41 43 
Interval 539: 0 1 2 3 4 5 6 7 8 9 10 11 12 14 15 16 17 18 19 20 21 22 23 25 28 29 31 33 35 37 38 40 42 43 
Interval 540: 0 1 2 3 4 5 6 7 8 9 10 11 12 13 14 15 16 17 19 20 21 22 23 25 26 27 28 29 31 32 34 40 41 43 
Interval 541: 0 1 2 3 4 5 6 7 8 9 10 11 12 13 14 17 18 19 20 21 22 23 24 26 27 28 29 34 35 37 38 39 43 
Interval 542: 0 1 2 3 4 5 6 7 8 9 10 11 12 13 14 15 16 17 18 19 21 22 24 26 27 28 29 30 31 33 35 37 38 42 43 
Interval 543: 0 1 2 3 4 5 6 7 8 9 10 11 12 13 14 15 16 17 18 20 21 22 25 26 27 28 29 31 34 40 41 42 43 
Interval 544: 0 1 2 3 4 5 6 7 8 9 10 11 12 13 14 15 16 17 18 19 20 21 22 23 24 25 27 28 29 31 34 36 37 38 39 41 42 
Interval 545: 0 1 2 3 4 5 6 7 8 9 10 11 12 13 14 15 16 18 20 22 23 24 25 26 27 29 30 32 33 36 42 
Interval 546: 0 1 2 3 4 5 6 7 8 9 11 12 13 14 15 16 17 18 19 22 23 24 25 26 27 29 30 33 34 36 38 42 
Interval 547: 0 1 2 3 4 5 6 7 8 9 10 11 12 13 14 15 16 17 18 20 21 22 23 24 26 28 29 31 33 34 36 37 40 42 
Interval 548: 0 1 2 3 4 5 6 7 8 9 10 11 12 13 15 16 17 18 19 20 21 23 24 27 30 33 34 35 36 38 39 41 42 
Interval 549: 0 1 2 3 4 5 6 7 8 9 10 12 14 15 16 17 18 19 20 21 24 25 28 29 30 31 32 35 37 38 40 42 
Interval 550: 0 1 2 3 4 5 6 7 8 9 11 12 13 14 16 17 18 19 20 22 23 24 26 27 29 33 35 36 38 40 42 
Interval 551: 0 1 2 3 4 5 6 7 8 9 10 11 12 13 14 15 16 17 18 19 21 23 24 25 26 28 29 31 32 34 38 39 42 
Interval 552: 0 1 2 3 4 5 6 7 8 9 11 12 14 15 16 17 18 22 23 24 25 28 29 31 33 35 36 37 42 
Interval 553: 0 1 2 3 4 5 6 7 8 9 10 11 12 13 14 15 16 17 18 19 21 23 24 26 27 29 30 31 32 35 37 38 39 42 
Interval 554: 0 1 2 3 4 5 6 7 8 9 10 11 13 14 15 17 19 20 21 22 26 27 28 29 30 35 40 42 
Interval 555: 0 1 2 3 4 5 6 7 8 9 10 11 12 13 15 16 17 18 19 20 21 22 23 24 25 26 27 31 33 35 36 37 38 39 42 
Interval 556: 0 1 2 3 4 5 6 7 8 9 10 11 12 13 14 15 16 17 19 20 22 23 24 25 26 27 28 31 32 33 38 41 42 
Interval 557: 0 1 2 3 4 5 6 7 8 9 10 11 12 13 15 16 17 18 19 20 23 25 27 30 31 32 37 38 41 
Interval 558: 0 1 2 3 4 5 6 7 8 9 10 11 12 13 14 16 17 19 20 23 24 25 26 27 28 33 35 39 41 
Interval 559: 0 1 2 3 4 5 6 7 8 9 10 11 12 13 15 16 17 18 19 21 22 23 25 30 31 32 34 35 38 41 
Interval 560: 0 1 2 3 4 5 6 7 8 9 10 11 12 13 14 15 17 19 20 21 22 23 24 25 26 27 28 29 31 34 35 38 41 
Interval 561: 0 1 2 3 4 5 6 7 8 9 10 11 12 13 14 16 17 18 20 22 23 25 26 28 32 33 37 41 
Interval 562: 0 1 2 3 4 5 6 7 8 9 10 12 13 14 15 16 18 20 21 24 25 26 28 29 31 33 36 40 41 
Interval 563: 0 1 2 3 4 5 6 7 8 9 10 11 12 13 14 15 16 17 18 20 21 23 24 25 26 27 28 29 30 31 32 35 40 41 
Interval 564: 0 1 2 3 4 5 6 7 8 9 10 11 12 13 15 16 17 19 20 21 22 23 24 25 26 31 32 35 38 41 
Interval 565: 0 1 2 3 4 5 6 7 8 9 10 11 12 13 15 16 17 18 19 20 22 24 25 26 30 32 34 35 36 38 39 40 41 
Interval 566: 0 1 2 3 4 5 6 7 8 9 10 12 14 15 16 18 19 20 24 25 29 30 31 33 36 37 38 39 41 
Interval 567: 0 1 2 3 4 5 6 7 8 9 10 11 12 13 14 15 18 19 20 21 22 25 27 28 29 37 38 41 
Interval 568: 0 1 2 3 4 5 6 7 8 9 10 11 13 14 15 16 17 18 19 21 22 26 27 29 30 31 32 33 35 36 37 38 41 
Interval 569: 0 1 2 3 4 5 6 7 8 9 10 11 12 13 14 15 16 17 19 20 21 23 25 26 27 29 33 34 35 38 39 40 41 
Interval 570: 0 1 2 3 4 5 6 7 8 9 10 11 12 13 14 15 16 17 18 20 22 23 25 26 28 29 30 34 35 37 40 
Interval 571: 0 1 2 3 4 5 6 7 8 9 10 11 12 13 15 16 18 19 20 22 23 24 27 30 31 33 37 39 40 
Interval 572: 0 1 2 3 4 5 6 7 8 9 10 11 12 14 16 17 18 19 21 22 23 25 29 32 34 39 40 
Interval 573: 0 1 2 3 4 5 6 7 8 9 10 11 13 14 15 17 19 20 21 22 23 26 27 29 30 31 38 39 40 
Interval 574: 0 1 2 3 4 5 6 7 8 9 10 11 12 13 14 15 16 18 20 21 22 24 25 26 27 29 30 32 36 37 40 
Interval 575: 0 1 2 3 4 5 6 7 8 9 10 11 12 13 14 15 16 17 18 20 22 24 26 27 28 29 31 33 35 37 40 
Interval 576: 0 1 2 3 4 5 6 7 8 10 11 12 13 14 15 16 17 20 21 22 23 24 25 29 31 32 34 35 40 
Interval 577: 0 1 2 3 4 5 6 7 8 9 10 11 12 13 14 16 17 18 19 20 21 22 23 24 26 27 28 33 35 36 37 38 40 
Interval 578: 0 1 2 3 4 5 6 7 8 9 10 12 13 14 15 16 17 18 19 21 24 25 26 29 32 34 35 36 37 38 40 
Interval 579: 0 1 2 3 4 5 6 7 8 10 11 12 13 14 15 16 17 20 22 23 24 25 27 28 30 34 40 
Interval 580: 0 1 2 3 4 5 6 7 8 9 10 11 12 13 14 15 16 17 18 19 20 21 22 24 25 27 28 30 31 32 33 34 35 38 40 
Interval 581: 0 1 2 3 4 5 6 7 9 10 11 12 13 14 18 19 21 22 23 25 26 27 28 29 36 38 39 40 
Interval 582: 0 1 2 3 4 5 6 7 8 9 10 11 12 14 16 17 18 20 21 23 24 25 28 33 35 36 37 39 
Interval 583: 0 1 2 3 4 5 6 7 8 9 10 11 12 13 15 16 17 18 19 20 22 23 24 27 32 33 34 35 36 37 38 39 
Interval 584: 0 1 2 3 4 5 6 7 8 9 10 11 12 13 14 15 16 17 18 19 20 21 22 23 24 27 29 31 33 34 36 38 39 
Interval 585: 0 1 2 3 4 5 6 7 8 9 10 11 12 13 14 16 17 19 21 22 23 24 25 26 27 28 29 32 34 38 39 
Interval 586: 0 1 2 3 4 5 6 7 8 9 10 11 12 13 14 15 16 18 19 20 21 22 25 26 27 28 31 33 36 37 39 
Interval 587: 0 1 2 3 4 5 6 7 8 9 10 11 12 13 14 15 16 17 18 19 21 23 24 25 26 28 29 30 31 32 33 34 36 38 39 
Interval 588: 0 1 2 3 4 5 6 7 8 9 10 11 12 13 15 16 17 18 19 20 21 23 24 25 27 30 32 33 35 39 
Interval 589: 0 1 2 3 4 5 6 7 9 10 12 13 14 15 18 19 20 21 24 25 26 28 29 30 31 36 39 
Interval 590: 0 1 2 3 4 5 6 7 8 9 10 11 12 13 14 15 16 17 18 20 22 23 24 25 27 29 30 31 32 33 34 37 39 
Interval 591: 0 1 2 3 4 5 6 7 8 9 10 11 13 15 16 17 18 19 21 22 23 26 27 31 32 34 37 38 39 
Interval 592: 0 1 2 3 4 5 6 7 8 9 11 12 13 14 15 16 17 18 19 22 23 24 25 29 32 33 34 36 37 39 
Interval 593: 0 1 2 3 4 5 6 7 8 9 10 11 12 13 14 15 16 17 19 21 22 24 25 26 29 30 31 32 33 34 38 39 
Interval 594: 0 1 2 3 4 5 6 7 8 10 11 12 13 14 15 16 17 20 21 22 23 24 25 26 27 29 34 38 39 
Interval 595: 0 1 2 3 4 5 6 7 8 9 10 11 12 13 14 15 16 17 19 21 23 25 26 27 29 30 31 33 34 35 38 
Interval 596: 0 1 2 3 4 5 6 7 8 10 12 13 14 15 16 17 20 21 24 26 27 28 30 32 33 34 38 
Interval 597: 0 1 2 3 4 5 6 7 8 10 11 12 14 15 16 17 20 21 22 23 24 25 28 29 30 32 33 35 38 
Interval 598: 0 1 2 3 4 5 6 7 8 9 10 11 12 13 14 15 16 17 18 19 20 22 24 27 28 31 32 34 35 37 38 
Interval 599: 0 1 2 3 4 5 6 7 8 9 11 12 13 14 15 16 18 19 22 23 24 25 27 28 30 31 33 36 37 38 
Interval 600: 0 1 2 3 4 5 6 7 8 9 10 11 13 14 16 17 18 19 20 21 23 26 27 28 29 33 35 36 38 
Interval 601: 0 1 2 3 4 5 6 7 8 9 10 11 12 13 14 16 19 21 22 23 24 26 27 28 32 33 38 
Interval 602: 0 1 2 3 4 5 6 7 8 9 10 11 12 13 14 15 16 17 18 19 20 22 23 25 26 28 30 31 33 35 37 38 
Interval 603: 0 1 2 3 4 5 6 7 8 9 11 12 13 14 15 16 18 19 23 24 25 26 27 28 29 30 31 33 37 38 
Interval 604: 0 1 2 3 4 5 6 7 8 9 10 11 12 13 14 15 16 17 18 19 20 21 23 25 27 28 29 30 33 35 37 38 
Interval 605: 0 1 2 3 4 5 6 7 8 9 10 11 12 13 15 16 17 18 21 22 24 25 26 30 32 35 37 38 
Interval 606: 0 1 2 3 4 5 6 7 8 10 11 12 13 14 15 17 20 22 24 26 28 29 30 31 34 38 
Interval 607: 0 1 2 3 4 5 6 7 8 9 10 11 13 14 16 19 20 22 23 27 28 29 32 33 37 38 
Interval 608: 0 1 2 3 4 5 6 7 8 9 10 11 12 13 14 15 16 18 21 22 23 25 27 28 29 30 31 33 37 
Interval 609: 0 1 2 3 4 5 6 7 8 9 10 11 12 13 14 15 16 18 19 20 21 23 24 25 26 27 28 29 31 32 33 37 
Interval 610: 0 1 2 3 4 5 6 7 8 9 10 11 12 14 15 16 17 18 19 21 22 23 24 25 28 30 32 35 36 37 
Interval 611: 0 1 2 3 4 5 6 7 8 9 10 11 12 13 14 15 16 17 18 19 20 23 24 27 29 30 31 33 34 35 36 37 
Interval 612: 0 1 2 3 4 5 6 7 8 9 10 11 12 13 14 15 16 17 18 19 20 23 24 25 26 29 31 32 36 37 
Interval 613: 0 1 2 3 4 5 6 7 8 9 10 11 12 13 14 15 16 17 19 21 22 23 25 26 27 29 30 33 34 37 
Interval 614: 0 1 2 3 4 5 6 7 8 9 10 11 13 14 16 17 19 20 21 23 26 29 34 37 
Interval 615: 0 1 2 3 4 5 6 7 8 9 10 11 13 14 15 16 17 18 19 20 23 26 28 29 31 32 33 34 36 37 
Interval 616: 0 1 2 3 4 5 6 7 8 9 10 11 12 13 14 15 16 17 19 20 21 22 26 27 29 32 33 35 37 
Interval 617: 0 1 2 3 4 5 6 7 8 9 10 11 12 13 14 15 17 18 19 21 22 23 24 25 26 28 29 30 31 35 37 
Interval 618: 0 1 2 3 4 5 6 7 8 9 10 11 12 13 14 15 17 18 19 20 22 23 24 25 27 29 30 31 35 37 
Interval 619: 0 1 2 3 4 5 6 7 8 9 10 11 12 13 14 15 16 17 18 20 21 22 23 25 26 27 28 29 30 32 34 35 36 37 
Interval 620: 0 1 2 3 4 5 6 7 8 9 11 12 13 14 15 16 17 18 19 24 25 27 28 29 31 32 34 35 36 
Interval 621: 0 1 2 3 4 5 6 7 8 9 10 11 12 13 14 16 18 19 20 21 22 24 25 27 28 29 32 33 36 
Interval 622: 0 1 2 3 4 5 6 7 8 9 10 11 12 13 15 16 18 19 20 22 23 24 27 32 33 36 
Interval 623: 0 1 2 3 4 5 6 7 8 9 10 11 12 13 14 15 16 17 18 19 20 21 22 23 24 25 26 28 29 30 32 33 36 
Interval 624: 0 1 2 3 4 5 6 7 8 9 10 11 12 14 15 16 17 19 20 21 22 23 24 29 30 32 34 36 
Interval 625: 0 1 2 3 4 5 6 7 8 9 10 11 12 13 15 16 18 19 20 21 22 23 26 31 32 33 36 
Interval 626: 0 1 2 3 4 5 6 7 8 9 10 11 12 13 14 15 16 17 19 21 22 23 24 26 27 28 30 31 32 33 34 36 
Interval 627: 0 1 2 3 4 5 6 7 8 9 10 11 12 13 14 15 16 17 18 19 21 22 23 24 25 26 27 28 30 31 32 33 34 35 36 
Interval 628: 0 1 2 3 4 5 6 7 8 9 10 11 13 14 15 16 17 18 19 20 21 22 27 29 30 32 33 34 35 36 
Interval 629: 0 1 2 3 4 5 6 7 8 9 10 11 12 13 14 15 16 18 19 21 22 24 25 27 28 29 31 33 36 
Interval 630: 0 1 2 3 4 5 6 7 8 9 10 11 13 14 15 16 18 19 20 21 23 26 27 28 32 36 
Interval 631: 0 1 2 3 4 5 6 7 8 9 10 11 12 13 14 15 17 18 21 24 25 26 27 28 29 30 31 35 36 
Interval 632: 0 1 2 3 4 5 6 7 8 9 10 11 12 13 14 15 16 17 18 19 20 22 23 24 25 26 27 29 30 31 34 35 36 
Interval 633: 0 1 2 3 4 5 6 7 8 9 10 11 12 13 14 15 17 18 19 20 21 23 25 28 29 31 35 
Interval 634: 0 1 2 3 4 5 6 7 8 9 10 11 12 13 14 15 16 17 18 20 22 23 24 25 26 29 30 35 
Interval 635: 0 1 2 3 4 5 6 7 8 9 10 11 12 13 14 15 16 17 18 19 20 22 23 24 26 27 29 30 31 32 33 35 
Interval 636: 0 1 2 3 4 5 6 7 8 9 10 11 12 13 14 15 16 17 18 19 21 22 24 26 27 31 32 33 34 35 
Interval 637: 0 1 2 3 4 5 6 7 8 9 10 11 13 14 15 16 17 18 19 20 21 22 23 27 30 33 34 35 
Interval 638: 0 1 2 3 4 5 6 7 8 9 10 11 12 13 14 15 16 18 19 20 22 23 25 26 27 28 30 31 33 35 
Interval 639: 0 1 2 3 4 5 6 7 8 9 10 11 12 13 14 15 16 17 19 20 21 22 24 25 27 28 29 30 32 34 35 
Interval 640: 0 1 2 3 4 5 6 7 8 9 10 11 12 13 14 15 16 17 19 20 21 22 24 25 27 28 30 31 34 35 
Interval 641: 0 1 2 3 4 5 6 7 8 9 10 11 12 13 14 15 16 18 20 21 22 25 26 27 28 29 31 32 35 
Interval 642: 0 1 2 3 4 5 6 7 8 9 10 11 12 14 15 16 17 18 19 20 21 24 25 28 33 35 
Interval 643: 0 1 2 3 4 5 6 7 8 9 11 12 13 14 15 16 17 18 19 22 23 25 27 29 31 32 34 35 
Interval 644: 0 1 2 3 4 5 6 7 8 9 10 11 12 13 14 15 16 17 18 20 22 24 25 26 30 35 
Interval 645: 0 1 2 3 4 5 6 7 8 9 10 11 12 13 14 15 16 17 18 19 20 22 24 26 27 28 30 33 34 35 
Interval 646: 0 1 2 3 4 5 6 7 8 9 11 12 13 14 16 17 18 19 22 23 25 26 27 28 33 34 
Interval 647: 0 1 2 3 4 5 6 7 8 10 11 12 13 14 15 16 20 21 23 24 25 27 28 29 30 31 32 34 
Interval 648: 0 1 2 3 4 5 6 7 8 9 10 11 12 13 14 15 16 17 18 19 20 22 23 25 26 28 31 32 34 
Interval 649: 0 1 2 3 4 5 6 7 8 9 10 11 12 13 14 15 16 18 19 20 21 22 24 27 28 29 30 31 34 
Interval 650: 0 1 2 3 4 5 6 7 8 9 10 11 12 13 14 16 17 18 20 22 24 26 28 29 32 34 
Interval 651: 0 1 2 3 4 5 6 7 8 9 10 11 12 13 14 15 16 17 18 19 20 22 23 24 26 27 28 30 32 34 
Interval 652: 0 1 2 3 4 5 6 7 8 9 10 11 12 13 14 15 16 17 18 19 20 21 22 23 25 26 27 29 31 32 34 
Interval 653: 0 1 2 3 4 5 6 7 8 9 10 11 12 14 15 16 17 18 19 20 21 22 23 24 25 28 31 34 
Interval 654: 0 1 2 3 4 5 6 7 8 9 10 11 12 13 14 17 18 19 20 21 23 24 25 26 27 28 29 34 
Interval 655: 0 1 2 3 4 5 6 7 8 9 10 11 13 14 15 16 17 19 20 21 22 23 27 28 29 31 32 33 34 
Interval 656: 0 1 2 3 4 5 6 7 8 9 10 11 12 13 14 15 16 18 19 20 21 22 23 24 25 26 27 29 31 33 34 
Interval 657: 0 1 2 3 4 5 6 7 8 9 10 11 12 13 14 15 17 18 20 21 22 24 25 27 28 30 31 33 34 
Interval 658: 0 1 2 3 4 5 6 8 9 10 11 12 13 16 18 19 20 22 23 24 25 26 27 32 33 
Interval 659: 0 1 2 3 4 5 6 7 8 9 10 11 12 13 14 17 18 19 20 21 23 24 28 29 33 
Interval 660: 0 1 2 3 4 5 6 7 8 9 10 11 12 13 14 15 16 17 18 19 20 21 22 23 24 25 27 28 30 32 33 
Interval 661: 0 1 2 3 4 5 6 7 8 9 10 11 12 13 14 15 16 18 20 21 22 25 28 29 30 32 33 
Interval 662: 0 1 2 3 4 5 6 7 8 9 10 11 12 13 14 15 16 18 19 20 21 22 23 25 26 29 30 32 33 
Interval 663: 0 1 2 3 4 5 6 7 8 9 10 11 12 14 15 16 17 18 20 21 24 28 31 33 
Interval 664: 0 1 2 3 4 5 6 7 8 9 10 11 12 13 14 15 17 18 20 21 22 23 24 25 26 29 30 33 
Interval 665: 0 1 2 3 4 5 6 7 8 9 10 11 12 13 14 15 17 18 19 20 22 23 24 25 26 28 29 31 33 
Interval 666: 0 1 2 3 4 5 6 7 8 9 10 11 12 14 15 16 17 18 19 20 21 22 23 24 28 29 30 32 33 
Interval 667: 0 1 2 3 4 5 6 7 8 9 10 11 12 13 14 15 16 18 19 20 22 23 25 26 28 31 33 
Interval 668: 0 1 2 3 4 5 6 7 8 9 10 11 12 14 15 16 17 18 20 21 22 23 24 28 29 33 
Interval 669: 0 1 2 3 4 5 6 7 8 9 10 11 12 13 14 15 16 18 20 21 22 23 24 25 26 27 28 32 33 
Interval 670: 0 1 2 3 4 5 6 7 8 9 10 11 12 13 14 15 16 18 19 20 21 22 23 26 27 30 31 32 
Interval 671: 0 1 2 3 4 5 6 7 8 10 11 12 13 14 15 16 17 20 21 23 27 28 29 30 31 32 
Interval 672: 0 1 2 3 4 5 6 7 8 9 10 11 12 13 15 16 17 18 19 21 22 23 24 25 27 31 32 
Interval 673: 0 1 2 3 4 5 6 7 8 10 11 12 13 14 15 16 17 21 22 23 24 25 26 27 29 30 31 32 
Interval 674: 0 1 2 3 4 5 6 7 8 9 10 11 12 13 15 18 19 20 21 22 24 25 27 30 31 32 
Interval 675: 0 1 2 3 4 5 6 7 8 9 10 11 12 13 14 16 17 18 19 20 22 24 25 26 29 32 
Interval 676: 0 1 2 3 4 5 6 7 8 9 10 11 12 13 14 15 16 17 18 20 21 22 23 27 29 31 32 
Interval 677: 0 1 2 3 4 5 6 7 8 9 10 11 12 13 14 15 16 17 18 20 22 23 24 25 26 27 30 32 
Interval 678: 0 1 2 3 4 5 6 7 8 9 10 11 12 13 14 15 16 17 18 19 20 22 23 26 27 28 30 32 
Interval 679: 0 1 2 3 4 5 6 7 8 9 10 11 12 13 14 15 17 18 19 20 21 24 25 26 27 28 29 30 32 
Interval 680: 0 1 2 3 4 5 6 7 8 9 10 11 12 13 14 15 17 18 19 20 22 23 24 27 29 31 32 
Interval 681: 0 1 2 3 4 5 6 7 8 9 10 11 12 13 14 15 16 17 19 20 22 23 24 26 27 28 29 31 32 
Interval 682: 0 1 2 3 4 5 6 7 8 9 10 11 12 13 14 15 16 18 19 21 22 24 25 27 28 29 31 32 
Interval 683: 0 1 2 3 4 6 7 8 9 12 13 14 15 16 18 19 25 26 28 29 30 31 
Interval 684: 0 1 2 3 4 5 6 7 8 9 10 11 12 13 14 15 16 17 18 19 21 24 26 27 28 31 
Interval 685: 0 1 2 3 4 5 6 7 8 9 10 11 12 13 14 15 16 18 19 20 21 22 23 24 25 26 29 30 31 
Interval 686: 0 1 2 3 4 5 6 7 8 9 10 11 12 14 15 16 18 19 20 23 24 29 30 31 
Interval 687: 0 1 2 3 4 5 6 7 8 9 10 11 12 13 14 15 16 19 21 22 23 24 25 27 28 29 31 
Interval 688: 0 1 2 3 4 5 6 7 8 9 10 11 12 13 14 15 16 18 19 20 21 22 23 24 25 26 29 31 
Interval 689: 0 1 2 3 4 5 6 7 8 9 10 11 12 13 14 15 17 18 19 20 21 23 24 25 26 29 31 
Interval 690: 0 1 2 3 4 5 6 7 8 9 10 11 12 13 14 15 17 19 21 24 25 26 28 29 30 31 
Interval 691: 0 1 2 3 4 5 6 7 8 9 11 12 13 14 16 17 18 19 23 24 26 27 28 31 
Interval 692: 0 1 2 3 4 5 6 7 8 10 11 12 13 14 15 16 20 21 22 26 27 29 30 31 
Interval 693: 0 1 2 3 4 5 6 7 8 9 10 11 12 13 14 15 16 17 18 20 21 22 23 25 26 28 30 31 
Interval 694: 0 1 2 3 4 5 6 7 8 9 10 11 12 13 14 15 16 19 22 23 24 25 26 29 30 31 
Interval 695: 0 1 2 3 4 5 6 7 8 9 11 12 13 14 15 16 17 19 22 23 24 25 27 29 30 
Interval 696: 0 1 2 3 4 5 6 7 8 9 10 11 12 13 14 15 16 17 18 19 20 23 25 26 27 28 30 
Interval 697: 0 1 2 3 4 5 6 7 8 9 10 11 12 13 14 15 16 19 20 21 22 23 24 26 27 28 29 30 
Interval 698: 0 1 2 3 4 5 6 7 8 9 10 12 13 14 15 16 17 18 19 20 21 25 26 28 29 30 
Interval 699: 0 1 2 3 4 5 6 7 8 9 10 11 12 13 14 15 16 17 18 20 22 23 26 29 30 
Interval 700: 0 1 2 3 4 5 6 7 8 9 10 11 12 13 14 15 16 17 18 19 20 22 23 27 28 30 
Interval 701: 0 1 2 3 4 5 6 7 8 9 10 11 12 13 14 16 17 18 19 20 21 22 24 25 26 27 28 30 
Interval 702: 0 1 2 3 4 5 6 7 8 9 10 11 12 14 15 16 17 19 21 22 25 28 30 
Interval 703: 0 1 2 3 4 5 6 7 8 9 10 11 12 13 14 15 17 18 19 20 22 23 24 25 28 30 
Interval 704: 0 1 2 3 4 5 6 7 8 9 10 11 12 13 14 15 16 17 18 21 22 23 24 25 26 27 29 30 
Interval 705: 0 1 2 3 4 5 6 7 8 9 10 11 13 14 15 16 17 19 20 21 23 27 28 30 
Interval 706: 0 1 2 3 4 5 6 7 8 9 10 11 12 14 15 16 17 18 19 20 21 22 24 28 29 30 
Interval 707: 0 1 2 3 4 5 6 7 8 9 10 11 12 13 14 15 16 18 19 20 22 24 26 29 30 
Interval 708: 0 1 2 3 4 5 6 7 8 9 10 11 12 13 14 15 16 19 21 22 23 24 25 26 28 29 
Interval 709: 0 1 2 3 4 5 6 7 8 9 11 12 13 14 15 16 18 23 24 25 26 27 28 29 
Interval 710: 0 1 2 3 4 5 6 7 8 9 10 11 12 13 14 15 16 19 20 22 25 26 27 29 
Interval 711: 0 1 2 3 4 5 6 7 8 9 10 11 12 13 14 16 17 18 19 21 22 23 24 25 26 27 28 29 
Interval 712: 0 1 2 3 4 5 6 7 8 9 10 12 13 14 15 16 18 19 20 21 24 25 29 
Interval 713: 0 1 2 3 4 5 6 7 8 9 10 11 12 13 14 15 17 18 21 22 23 25 26 28 29 
Interval 714: 0 1 2 3 4 5 6 7 8 9 10 11 12 13 14 16 18 19 20 21 22 23 24 27 28 29 
Interval 715: 0 1 2 3 4 5 6 7 8 9 10 11 12 14 15 16 17 18 19 20 21 22 23 24 25 29 
Interval 716: 0 1 2 3 4 5 6 7 8 10 11 12 13 14 15 16 17 20 21 22 23 24 25 26 27 29 
Interval 717: 0 1 2 3 4 5 6 7 8 9 10 11 12 14 16 17 18 19 20 21 22 23 24 25 28 29 
Interval 718: 0 1 2 3 4 5 6 7 8 9 10 11 12 13 15 16 17 18 19 21 22 23 24 26 29 
Interval 719: 0 1 2 3 4 5 6 7 8 9 10 12 13 15 16 17 18 20 21 24 25 26 28 29 
Interval 720: 0 1 2 3 4 5 6 7 8 9 10 11 13 14 15 16 18 19 21 22 23 27 28 
Interval 721: 0 1 2 3 4 5 6 7 8 9 10 11 12 14 15 16 17 18 20 21 22 24 28 
Interval 722: 0 1 2 3 4 5 6 7 8 9 10 11 13 14 15 16 18 19 20 23 26 27 28 
Interval 723: 0 1 2 3 4 5 6 7 8 9 10 11 12 13 14 15 16 17 18 19 21 22 23 24 25 26 28 
Interval 724: 0 1 2 3 4 5 6 7 8 9 10 11 12 13 14 15 17 18 19 20 22 23 24 25 26 27 28 
Interval 725: 0 1 2 3 4 5 6 7 8 9 10 11 12 13 14 15 16 17 19 20 21 23 24 26 28 
Interval 726: 0 1 2 3 4 5 6 7 8 9 10 11 12 13 15 16 18 20 21 22 23 25 28 
Interval 727: 0 1 2 3 4 5 6 7 8 10 11 12 13 14 15 16 17 20 22 23 27 28 
Interval 728: 0 1 2 3 4 5 6 7 8 9 10 11 12 13 14 15 16 17 19 20 21 22 23 25 26 27 28 
Interval 729: 0 1 2 3 4 5 6 7 8 9 10 11 12 13 14 15 16 17 18 19 21 22 23 24 25 27 28 
Interval 730: 0 1 2 3 4 5 6 7 8 9 10 11 12 13 14 15 16 17 19 20 21 22 23 25 27 28 
Interval 731: 0 1 2 3 4 5 6 7 8 9 10 11 12 13 14 15 16 17 19 20 23 24 25 26 27 28 
Interval 732: 0 1 2 3 4 5 6 7 8 9 10 11 12 13 15 16 17 18 19 21 22 23 24 26 27 
Interval 733: 0 1 2 3 4 5 6 7 8 9 10 11 12 13 14 15 17 18 19 20 21 22 24 25 26 27 
Interval 734: 0 1 2 3 4 5 6 7 8 9 10 11 13 14 15 16 17 18 19 20 23 26 27 
Interval 735: 0 1 2 3 4 5 6 7 8 9 10 11 12 13 14 15 16 17 18 19 20 21 23 24 25 26 27 
Interval 736: 0 1 2 3 4 5 6 7 8 9 10 11 12 14 15 17 18 19 21 22 25 27 
Interval 737: 0 1 2 3 4 5 6 7 8 9 10 11 12 13 14 15 16 17 18 19 20 21 22 25 26 27 
Interval 738: 0 1 2 3 4 5 6 8 9 10 11 12 13 16 17 19 20 21 22 23 24 25 27 
Interval 739: 0 1 2 3 4 5 6 8 9 10 11 12 13 16 17 18 19 21 22 23 24 25 26 27 
Interval 740: 0 1 2 3 4 5 6 7 8 9 10 11 12 14 15 17 18 19 20 21 22 23 25 27 
Interval 741: 0 1 2 3 4 5 6 7 8 9 10 11 12 13 14 15 16 18 19 20 21 22 23 24 25 27 
Interval 742: 0 1 2 3 4 5 6 7 8 9 10 11 12 13 14 15 16 18 20 23 24 25 26 27 
Interval 743: 0 1 2 3 4 5 6 7 8 9 10 11 12 13 14 15 17 18 20 21 23 24 26 27 
Interval 744: 0 1 2 3 4 5 6 7 8 9 10 11 12 13 14 16 17 18 19 20 21 23 24 25 26 
Interval 745: 0 1 2 3 4 5 6 7 8 9 10 11 12 13 14 15 16 18 20 21 24 26 
Interval 746: 0 1 2 3 4 5 6 7 8 9 10 11 13 14 15 17 18 19 20 21 23 26 
Interval 747: 0 1 2 3 4 5 6 7 8 9 10 11 12 13 14 15 16 17 18 19 20 21 22 24 26 
Interval 748: 0 1 2 3 4 5 6 7 8 9 10 11 12 14 15 16 17 19 21 22 23 24 25 26 
Interval 749: 0 1 2 3 4 5 6 7 8 9 10 11 12 13 14 17 18 20 21 22 23 24 25 26 
Interval 750: 0 1 2 3 4 5 6 7 8 9 10 11 12 13 15 16 17 19 20 22 25 26 
Interval 751: 0 1 2 3 4 5 6 7 8 9 10 11 12 13 14 17 18 19 20 21 22 24 25 26 
Interval 752: 0 1 2 3 4 5 6 7 8 9 10 11 12 13 14 15 16 17 18 19 21 22 23 25 26 
Interval 753: 0 1 2 3 4 5 6 7 8 9 10 11 12 14 15 17 18 19 20 21 22 23 26 
Interval 754: 0 1 2 3 4 5 6 7 8 9 11 12 13 14 15 16 17 18 19 22 23 24 25 26 
Interval 755: 0 1 2 3 4 5 6 7 8 9 10 11 12 13 14 15 16 18 19 20 22 25 26 
Interval 756: 0 1 2 3 4 5 6 7 8 9 10 11 12 13 14 15 16 19 20 21 22 23 24 25 26 
Interval 757: 0 1 2 3 4 5 6 7 8 9 10 12 13 14 15 16 17 18 19 24 25 
Interval 758: 0 1 2 3 4 5 6 7 8 9 10 11 13 14 15 16 17 18 19 20 21 23 25 
Interval 759: 0 1 2 3 4 5 6 7 8 9 10 11 12 14 15 17 18 20 21 23 24 25 
Interval 760: 0 1 2 3 4 5 6 7 8 9 10 11 13 14 15 16 17 19 20 22 23 25 
Interval 761: 0 1 2 3 4 5 6 7 8 9 10 11 12 14 15 18 20 21 22 24 25 
Interval 762: 0 1 2 3 4 5 6 7 8 9 10 12 13 14 16 18 19 20 21 24 25 
Interval 763: 0 1 2 3 4 5 6 7 8 9 10 11 12 13 14 15 16 18 20 22 25 
Interval 764: 0 1 2 3 4 5 6 7 8 9 10 11 12 13 14 15 16 17 18 19 20 21 22 23 25 
Interval 765: 0 1 2 3 4 5 6 7 8 9 10 11 12 13 14 15 16 18 20 24 25 
Interval 766: 0 1 2 3 4 5 6 7 8 9 10 11 12 13 14 15 16 17 19 20 22 24 25 
Interval 767: 0 1 2 3 4 5 6 7 8 9 10 11 12 13 14 16 17 19 20 21 23 24 25 
Interval 768: 0 1 2 3 4 5 6 7 8 9 10 11 12 13 14 15 16 18 20 21 22 23 24 25 
Interval 769: 0 1 2 3 4 5 6 7 8 9 10 11 12 13 15 16 17 18 19 20 21 22 24 
Interval 770: 0 1 2 3 4 5 6 7 8 9 10 11 12 13 14 15 17 18 19 20 21 22 23 24 
Interval 771: 0 1 2 3 4 5 6 7 8 9 10 11 12 13 14 15 16 17 18 20 21 22 23 24 
Interval 772: 0 1 2 3 4 5 6 7 8 9 10 11 12 13 14 16 17 18 20 21 24 
Interval 773: 0 1 2 3 4 5 6 7 8 10 11 12 13 14 15 17 20 21 22 23 24 
Interval 774: 0 1 2 3 4 5 6 7 8 9 10 11 12 13 15 17 18 19 20 22 24 
Interval 775: 0 1 2 3 4 5 6 7 8 9 10 11 12 13 14 15 16 17 18 19 21 22 23 24 
Interval 776: 0 1 2 3 4 5 6 7 8 9 10 11 12 13 14 15 16 17 18 19 20 21 23 24 
Interval 777: 0 1 2 3 4 5 6 7 8 9 10 11 13 14 15 16 17 21 22 23 24 
Interval 778: 0 1 2 3 4 5 6 7 8 9 10 11 12 13 14 16 18 20 21 23 24 
Interval 779: 0 1 2 3 4 5 6 7 8 9 10 11 12 13 14 15 16 17 18 20 21 22 24 
Interval 780: 0 1 2 3 4 5 6 7 8 9 10 11 12 13 14 15 16 18 19 20 21 22 23 24 
Interval 781: 0 1 2 3 4 5 6 7 8 9 10 11 12 13 14 15 16 19 20 21 22 23 
Interval 782: 0 1 2 3 4 5 6 7 8 9 10 11 12 13 14 15 17 18 20 22 23 
Interval 783: 0 1 2 3 4 5 6 7 8 9 10 11 12 13 14 15 16 17 18 19 21 22 23 
Interval 784: 0 1 2 3 4 5 6 7 8 9 10 11 12 13 14 15 16 17 19 21 23 
Interval 785: 0 1 2 3 4 5 6 7 8 10 11 12 13 14 15 16 20 21 22 23 
Interval 786: 0 1 2 3 4 5 6 7 8 9 10 11 12 13 14 16 17 18 19 20 22 23 
Interval 787: 0 1 2 3 4 5 6 7 8 9 10 11 12 13 14 15 16 17 18 19 20 21 22 23 
Interval 788: 0 1 2 3 4 5 6 7 8 9 10 11 12 13 14 15 16 17 18 19 20 21 22 23 
Interval 789: 0 1 2 3 4 5 6 7 8 9 10 11 12 13 14 15 16 17 18 19 20 21 22 23 
Interval 790: 0 1 2 3 4 5 6 7 8 9 10 11 12 13 14 15 16 18 19 20 21 22 23 
Interval 791: 0 1 2 3 4 5 6 7 8 9 10 11 12 13 14 15 16 17 19 20 21 22 23 
Interval 792: 0 1 2 3 4 5 6 7 8 9 10 11 13 14 16 17 18 19 20 22 23 
Interval 793: 0 1 2 3 4 5 6 7 8 9 10 11 12 13 15 16 18 19 20 22 
Interval 794: 0 1 2 3 4 5 6 7 8 9 10 11 12 13 14 16 17 18 19 20 22 
Interval 795: 0 1 2 3 4 5 6 7 8 9 10 11 12 14 15 17 18 21 22 
Interval 796: 0 1 2 3 4 5 6 7 8 9 10 12 14 15 16 18 19 20 21 22 
Interval 797: 0 1 2 3 4 5 6 7 8 9 10 11 13 15 16 18 19 20 21 22 
Interval 798: 0 1 2 3 4 5 6 7 8 9 10 11 13 14 15 16 17 21 22 
Interval 799: 0 1 2 3 4 5 6 7 8 9 10 11 12 13 16 17 18 19 21 22 
Interval 800: 0 1 2 3 4 5 6 7 8 9 10 11 12 13 14 15 16 17 21 22 
Interval 801: 0 1 2 3 4 5 6 7 8 9 10 11 12 13 14 15 17 18 19 20 21 22 
Interval 802: 0 1 2 3 4 5 6 7 8 9 10 11 13 14 15 17 18 19 20 22 
Interval 803: 0 1 2 3 4 5 6 8 9 10 11 12 13 16 17 18 19 20 21 22 
Interval 804: 0 1 2 3 4 5 6 7 8 9 10 11 13 14 15 16 17 18 19 20 21 22 
Interval 805: 0 1 2 3 4 5 6 7 8 9 10 11 13 14 15 16 17 18 19 21 
Interval 806: 0 1 2 3 4 5 6 7 8 9 10 11 12 14 15 17 18 20 21 
Interval 807: 0 1 2 3 4 5 6 7 8 9 10 11 12 13 14 15 17 18 20 21 
Interval 808: 0 1 2 3 4 5 6 7 8 9 10 11 12 13 14 16 17 19 21 
Interval 809: 0 1 2 3 4 5 6 7 8 9 10 12 14 15 17 18 19 21 
Interval 810: 0 1 2 3 4 5 6 7 8 9 10 11 12 14 15 16 17 19 20 21 
Interval 811: 0 1 2 3 4 5 6 7 8 9 10 11 12 13 14 15 16 17 18 19 20 21 
Interval 812: 0 1 2 3 4 5 6 7 8 9 10 11 12 13 14 15 16 17 19 20 21 
Interval 813: 0 1 2 3 4 5 6 7 8 9 10 11 12 13 14 15 16 17 18 19 20 21 
Interval 814: 0 1 2 3 4 5 6 7 8 9 10 11 12 13 14 15 16 17 19 21 
Interval 815: 0 1 2 3 4 5 6 7 8 9 10 12 13 14 15 16 17 19 20 21 
Interval 816: 0 1 2 3 4 5 6 7 8 9 10 11 12 13 14 16 17 18 20 
Interval 817: 0 1 2 3 4 5 6 8 9 10 11 12 13 16 18 20 
Interval 818: 0 1 2 3 4 5 6 7 8 9 10 11 12 13 14 16 17 19 20 
Interval 819: 0 1 2 3 4 5 6 7 8 9 10 11 12 13 14 15 16 17 19 20 
Interval 820: 0 1 2 3 4 5 6 7 9 10 11 12 13 14 15 18 19 20 
Interval 821: 0 1 2 3 4 5 6 7 9 10 11 12 14 15 18 19 20 
Interval 822: 0 1 2 3 4 5 6 7 8 9 10 12 13 14 15 16 17 18 20 
Interval 823: 0 1 2 3 4 5 6 7 8 9 10 11 12 13 15 16 19 20 
Interval 824: 0 1 2 3 4 5 6 7 8 9 10 11 12 13 14 16 17 18 19 20 
Interval 825: 0 1 2 3 4 5 6 7 8 9 10 11 12 13 15 16 17 18 20 
Interval 826: 0 1 2 3 4 5 6 7 8 9 10 11 12 14 16 17 18 19 20 
Interval 827: 0 1 2 3 4 5 6 7 8 9 11 12 14 15 16 17 18 19 20 
Interval 828: 0 1 2 3 4 5 6 7 8 9 10 11 12 13 14 15 16 18 19 
Interval 829: 0 1 2 3 4 5 6 7 8 9 10 11 13 14 15 17 18 19 
Interval 830: 0 1 2 3 4 5 6 7 8 9 10 11 12 13 15 17 18 19 
Interval 831: 0 1 2 3 4 5 6 7 8 9 10 11 12 13 15 16 17 18 19 
Interval 832: 0 1 2 3 4 5 6 7 8 9 10 11 12 13 14 17 18 19 
Interval 833: 0 1 2 3 4 5 6 7 8 9 10 11 12 13 14 15 16 17 18 19 
Interval 834: 0 1 2 3 4 5 6 7 8 9 10 11 12 13 14 15 16 17 18 19 
Interval 835: 0 1 2 3 4 5 6 7 8 9 10 12 13 14 15 17 18 19 
Interval 836: 0 1 2 3 4 5 6 7 8 9 10 11 12 13 14 15 16 17 18 19 
Interval 837: 0 1 2 3 4 5 6 7 8 9 10 11 12 13 14 15 16 17 19 
Interval 838: 0 1 2 3 4 5 6 7 8 9 10 11 12 13 14 16 17 18 19 
Interval 839: 0 1 2 3 4 5 6 7 8 9 10 11 12 13 14 15 16 18 19 
Interval 840: 0 1 2 3 4 5 6 7 8 9 10 11 12 13 14 15 16 17 18 
Interval 841: 0 1 2 3 4 5 6 7 8 9 10 11 12 14 16 17 18 
Interval 842: 0 1 2 3 4 5 6 7 8 9 10 11 12 13 14 15 16 18 
Interval 843: 0 1 2 3 4 5 6 7 8 10 11 12 13 14 15 16 18 
Interval 844: 0 1 2 3 4 5 6 7 8 10 11 12 13 14 16 17 18 
Interval 845: 0 1 2 3 4 5 6 7 8 9 10 11 12 13 15 16 17 18 
Interval 846: 0 1 2 3 4 5 6 7 8 9 10 11 12 13 14 15 17 18 
Interval 847: 0 1 2 3 4 5 6 7 8 9 10 11 12 13 14 16 17 18 
Interval 848: 0 1 2 3 4 5 6 7 8 9 10 11 12 13 14 15 16 17 18 
Interval 849: 0 1 2 3 4 5 6 7 8 9 10 11 12 13 14 15 16 17 18 
Interval 850: 0 1 2 3 4 5 6 7 8 9 10 11 12 13 14 15 16 17 18 
Interval 851: 0 1 2 3 4 5 6 7 8 9 10 11 12 13 14 15 16 17 18 
Interval 852: 0 1 2 3 4 5 6 7 8 9 10 11 12 15 16 17 
Interval 853: 0 1 2 3 4 5 6 7 8 9 10 11 12 13 14 15 17 
Interval 854: 0 1 2 3 4 5 6 7 8 9 10 11 12 14 15 16 17 
Interval 855: 0 1 2 3 4 5 6 7 8 9 10 12 13 14 15 16 17 
Interval 856: 0 1 2 3 4 5 6 7 8 9 10 11 12 13 14 16 17 
Interval 857: 0 1 2 3 4 5 6 7 8 9 10 12 13 14 15 17 
Interval 858: 0 1 2 3 4 5 6 7 8 9 10 11 12 13 14 15 16 17 
Interval 859: 0 1 2 3 4 5 6 7 8 9 10 11 12 13 14 15 16 17 
Interval 860: 0 1 2 3 4 5 6 7 8 9 10 11 12 13 14 17 
Interval 861: 0 1 2 3 4 5 6 7 8 9 10 11 13 14 15 16 17 
Interval 862: 0 1 2 3 4 5 6 7 8 9 10 11 12 13 15 16 17 
Interval 863: 0 1 2 3 4 5 6 7 8 9 10 11 12 13 14 15 16 
Interval 864: 0 1 2 3 4 5 6 7 8 9 10 11 12 13 14 15 16 
Interval 865: 0 1 2 3 4 5 6 7 8 9 10 11 12 14 15 16 
Interval 866: 0 1 2 3 4 5 6 7 8 9 10 11 12 13 14 15 16 
Interval 867: 0 1 2 3 4 5 6 7 8 9 10 11 12 13 14 15 16 
Interval 868: 0 1 2 3 4 5 6 7 8 9 10 11 12 13 14 16 
Interval 869: 0 1 2 3 4 5 6 7 8 9 10 11 13 14 15 16 
Interval 870: 0 1 2 3 4 5 6 7 8 10 11 12 13 15 16 
Interval 871: 0 1 2 3 4 5 6 7 8 9 10 11 12 14 15 16 
Interval 872: 0 1 2 3 4 5 6 7 8 9 10 11 12 13 15 16 
Interval 873: 0 1 2 3 4 5 6 7 8 9 10 11 12 13 14 15 16 
Interval 874: 0 1 2 3 4 5 6 7 8 9 10 12 13 14 15 16 
Interval 875: 0 1 2 3 4 5 6 7 8 9 11 12 13 14 15 
Interval 876: 0 1 2 3 4 5 6 7 8 10 11 12 13 14 15 
Interval 877: 0 1 2 3 4 5 6 7 8 9 10 11 12 13 14 15 
Interval 878: 0 1 2 3 4 5 6 7 8 9 10 11 12 13 14 15 
Interval 879: 0 1 2 3 4 5 6 7 8 9 10 12 13 15 
Interval 880: 0 1 2 3 4 5 6 7 8 9 11 12 13 14 15 
Interval 881: 0 1 2 3 4 5 6 7 8 9 11 12 13 14 15 
Interval 882: 0 1 2 3 4 5 6 7 8 9 10 11 12 13 14 15 
Interval 883: 0 1 2 3 4 5 6 7 8 9 10 11 12 14 15 
Interval 884: 0 1 2 3 4 5 6 7 8 9 10 11 12 13 14 15 
Interval 885: 0 1 2 3 4 5 6 7 8 9 10 11 12 14 15 
Interval 886: 0 1 2 3 4 5 6 7 8 9 10 11 12 13 14 
Interval 887: 0 1 2 3 4 5 6 7 8 9 11 13 14 
Interval 888: 0 1 2 3 4 5 6 7 8 9 10 11 12 14 
Interval 889: 0 1 2 3 4 5 6 7 8 9 10 11 12 13 14 
Interval 890: 0 1 2 3 4 5 6 7 8 9 10 11 12 13 14 
Interval 891: 0 1 2 3 4 5 6 7 8 9 11 12 13 14 
Interval 892: 0 1 2 3 4 5 6 7 8 9 10 11 13 14 
Interval 893: 0 1 2 3 4 5 6 7 8 9 10 11 12 13 14 
Interval 894: 0 1 2 3 4 5 6 7 8 9 10 11 13 14 
Interval 895: 0 1 2 3 4 5 6 7 8 9 11 13 14 
Interval 896: 0 1 2 3 4 5 6 7 8 9 10 11 12 13 14 
Interval 897: 0 1 2 3 4 5 6 7 8 9 10 11 13 
Interval 898: 0 1 2 3 4 5 6 7 8 9 10 11 12 13 
Interval 899: 0 1 2 3 4 5 6 7 8 9 10 11 13 
Interval 900: 0 1 2 3 4 5 6 7 8 9 10 11 13 
Interval 901: 0 1 2 3 4 5 6 7 8 9 11 12 13 
Interval 902: 0 1 2 3 4 5 6 7 8 9 10 11 12 13 
Interval 903: 0 1 2 3 4 5 6 7 8 9 10 11 12 13 
Interval 904: 0 1 2 3 4 5 6 7 8 9 10 11 12 13 
Interval 905: 0 1 2 3 4 5 6 7 8 9 10 11 13 
Interval 906: 0 1 2 3 4 5 6 7 8 9 10 11 12 13 
Interval 907: 0 1 2 3 4 5 6 7 8 9 10 11 12 13 
Interval 908: 0 1 2 3 4 5 6 7 8 9 10 11 12 
Interval 909: 0 1 2 3 4 5 6 7 8 9 10 11 12 
Interval 910: 0 1 2 3 4 5 6 7 8 9 10 11 12 
Interval 911: 0 1 2 3 4 5 6 7 8 9 11 12 
Interval 912: 0 1 2 3 4 5 6 7 8 9 10 12 
Interval 913: 0 1 2 3 4 5 6 7 8 9 10 11 12 
Interval 914: 0 1 2 3 4 5 6 7 8 9 10 11 12 
Interval 915: 0 1 2 3 4 5 6 7 8 9 11 12 
Interval 916: 0 1 2 3 4 5 6 7 8 9 11 12 
Interval 917: 0 1 2 3 4 5 6 7 8 9 10 11 12 
Interval 918: 0 1 2 3 4 5 6 7 8 9 11 12 
Interval 919: 0 1 2 3 4 5 6 7 8 9 10 11 
Interval 920: 0 1 2 3 4 5 6 7 8 9 10 11 
Interval 921: 0 1 2 3 4 5 6 7 8 9 10 11 
Interval 922: 0 1 2 3 4 5 6 7 8 10 11 
Interval 923: 0 1 2 3 4 5 6 7 8 9 10 11 
Interval 924: 0 1 2 3 4 5 6 7 8 9 10 11 
Interval 925: 0 1 2 3 4 5 6 7 8 9 10 11 
Interval 926: 0 1 2 3 4 5 6 7 8 9 10 11 
Interval 927: 0 1 2 3 4 5 6 7 8 9 10 11 
Interval 928: 0 1 2 3 4 5 6 7 8 9 10 11 
Interval 929: 0 1 2 3 4 5 6 7 8 9 10 11 
Interval 930: 0 1 2 3 4 5 6 7 8 9 10 
Interval 931: 0 1 2 3 4 5 6 7 8 9 10 
Interval 932: 0 1 2 3 4 5 6 7 8 9 10 
Interval 933: 0 1 2 3 4 5 6 7 8 9 10 
Interval 934: 0 1 2 3 4 5 6 8 10 
Interval 935: 0 1 2 3 4 5 6 7 9 10 
Interval 936: 0 1 2 3 4 5 6 7 8 9 10 
Interval 937: 0 1 2 3 4 5 6 7 8 9 10 
Interval 938: 0 1 2 3 4 5 6 7 8 9 10 
Interval 939: 0 1 2 3 4 5 6 7 8 9 10 
Interval 940: 0 1 2 3 4 5 6 7 8 9 10 
Interval 941: 0 1 2 3 4 5 6 7 8 9 
Interval 942: 0 1 2 3 4 5 6 7 8 9 
Interval 943: 0 1 2 3 4 5 6 7 8 9 
Interval 944: 0 1 2 3 4 5 6 7 8 9 
Interval 945: 0 1 2 3 4 5 6 7 8 9 
Interval 946: 0 1 2 3 4 5 6 7 8 9 
Interval 947: 0 1 2 3 4 5 6 7 8 9 
Interval 948: 0 1 2 3 4 5 6 7 8 9 
Interval 949: 0 1 2 3 4 5 6 7 8 9 
Interval 950: 0 1 2 3 4 5 6 8 9 
Interval 951: 0 1 2 3 4 5 6 7 8 9 
Interval 952: 0 1 2 3 4 5 6 7 8 
Interval 953: 0 1 2 3 4 5 6 7 8 
Interval 954: 0 1 2 3 4 5 6 7 8 
Interval 955: 0 1 2 3 4 5 6 7 8 
Interval 956: 0 1 2 3 4 5 6 7 8 
Interval 957: 0 1 2 3 4 5 6 7 8 
Interval 958: 0 1 2 3 4 5 6 7 8 
Interval 959: 0 1 2 3 4 5 6 7 8 
Interval 960: 0 1 2 3 4 5 6 7 8 
Interval 961: 0 1 2 3 4 5 6 7 8 
Interval 962: 0 1 2 3 4 5 6 7 
Interval 963: 0 1 2 3 4 5 6 7 
Interval 964: 0 1 2 3 4 5 6 7 
Interval 965: 0 1 2 3 4 5 6 7 
Interval 966: 0 1 2 3 4 5 6 7 
Interval 967: 0 1 2 3 4 5 6 7 
Interval 968: 0 1 2 3 4 5 6 7 
Interval 969: 0 1 2 3 4 5 6 7 
Interval 970: 0 1 2 3 4 5 6 7 
Interval 971: 0 1 2 3 4 5 6 7 
Interval 972: 0 1 2 3 4 5 6 7 
Interval 973: 0 1 2 3 4 5 6 
Interval 974: 0 1 2 3 4 5 6 
Interval 975: 0 1 2 3 4 5 6 
Interval 976: 0 1 2 3 4 5 6 
Interval 977: 0 1 2 3 4 5 6 
Interval 978: 0 1 2 3 4 5 6 
Interval 979: 0 1 2 3 4 5 6 
Interval 980: 0 1 2 3 4 5 6 
Interval 981: 0 1 2 3 4 5 6 
Interval 982: 0 1 2 3 4 5 6 
Interval 983: 0 1 2 3 4 5 
Interval 984: 0 1 2 3 4 5 
Interval 985: 0 1 2 3 4 5 
Interval 986: 0 1 2 3 4 5 
Interval 987: 0 1 2 3 4 5 
Interval 988: 0 1 2 3 4 5 
Interval 989: 0 1 2 3 4 5 
Interval 990: 0 1 2 3 4 5 
Interval 991: 0 1 2 3 4 5 
Interval 992: 0 1 2 3 4 5 
Interval 993: 0 1 2 3 4 
Interval 994: 0 1 2 3 4 
Interval 995: 0 1 2 3 4 
Interval 996: 0 1 2 3 4 
Interval 997: 0 1 2 3 4 
Interval 998: 0 1 2 3 4 
Interval 999: 0 1 2 3 4 
Interval 1000: 0 1 2 3 4 
Interval 1001: 0 1 2 3 4 
Interval 1002: 0 1 2 3 
Interval 1003: 0 1 2 3 
Interval 1004: 0 1 2 3 
Interval 1005: 0 1 2 3 
Interval 1006: 0 1 2 3 
Interval 1007: 0 1 2 3 
Interval 1008: 0 1 2 3 
Interval 1009: 0 1 2 3 
Interval 1010: 0 1 2 3 
Interval 1011: 0 1 2 
Interval 1012: 0 1 2 
Interval 1013: 0 1 2 
Interval 1014: 0 1 2 
Interval 1015: 0 1 2 
Interval 1016: 0 1 2 
Interval 1017: 0 1 2 
Interval 1018: 0 1 2 
Interval 1019: 0 1 2 
Interval 1020: 0 1 
Interval 1021: 0 1 
Interval 1022: 0 1 
Interval 1023: 0 1 
Interval 1024: 0 1 
Interval 1025: 0 1 
Interval 1026: 0 1 
Interval 1027: 0 1 
Interval 1028: 0 
Interval 1029: 0 
Interval 1030: 0 
Interval 1031: 0 
Interval 1032: 0 
