Interval 1: 0 1 2 3 4 5 6 7 8 9 10 11 12 13 14 15 
Interval 2: 15 16 17 18 19 20 21 22 23 24 25 26 27 28 29 30 31 
Interval 3: 31 32 33 34 35 36 37 38 39 40 41 42 43 44 45 46 47 
Interval 4: 47 48 49 50 51 52 53 54 55 56 57 58 59 60 61 62 63 
Interval 5: 38 39 63 64 65 66 67 68 69 70 71 72 73 74 75 76 77 78 
Interval 6: 36 37 38 72 73 74 75 76 77 
Interval 7: 33 34 35 36 67 68 69 70 71 72 
Interval 8: 31 32 33 63 64 65 66 67 
Interval 9: 29 30 31 58 59 60 61 62 63 
Interval 10: 26 27 28 29 53 54 55 56 57 58 
Interval 11: 24 25 26 48 49 50 51 52 53 
Interval 12: 21 22 23 24 43 44 45 46 47 48 
Interval 13: 19 20 21 38 39 40 41 42 43 77 78 
Interval 14: 18 19 36 37 38 73 74 75 76 77 
Interval 15: 17 18 34 35 36 68 69 70 71 72 73 
Interval 16: 15 16 17 31 32 33 34 63 64 65 66 67 68 
Interval 17: 14 15 29 30 31 58 59 60 61 62 63 
Interval 18: 13 14 26 27 28 29 53 54 55 56 57 58 
Interval 19: 12 13 24 25 26 48 49 50 51 52 53 
Interval 20: 10 11 12 21 22 23 24 43 44 45 46 47 48 
Interval 21: 9 10 19 20 21 38 39 40 41 42 43 77 78 
Interval 22: 8 9 17 18 19 35 36 37 38 71 72 73 74 75 76 77 
Interval 23: 8 16 17 32 33 34 35 65 66 67 68 69 70 71 
Interval 24: 7 8 14 15 16 29 30 31 32 58 59 60 61 62 63 64 65 
Interval 25: 6 7 13 14 26 27 28 29 52 53 54 55 56 57 58 
Interval 26: 5 6 11 12 13 22 23 24 25 26 45 46 47 48 49 50 51 52 
Interval 27: 4 5 9 10 11 19 20 21 22 39 40 41 42 43 44 45 
Interval 28: 4 8 9 17 18 19 34 35 36 37 38 39 69 70 71 72 73 74 75 76 77 78 
Interval 29: 3 4 7 8 14 15 16 17 29 30 31 32 33 34 59 60 61 62 63 64 65 66 67 68 69 
Interval 30: 3 6 7 12 13 14 25 26 27 28 29 50 51 52 53 54 55 56 57 58 59 
Interval 31: 2 3 5 6 10 11 12 20 21 22 23 24 25 40 41 42 43 44 45 46 47 48 49 50 
Interval 32: 2 4 5 8 9 10 16 17 18 19 20 33 34 35 36 37 38 39 40 66 67 68 69 70 71 72 73 74 75 76 77 78 
Interval 33: 1 2 3 4 6 7 8 12 13 14 15 16 25 26 27 28 29 30 31 32 51 52 53 54 55 56 57 58 59 60 61 62 63 64 65 
Interval 34: 1 2 3 4 5 6 9 10 11 12 18 19 20 21 22 23 24 25 37 38 39 40 41 42 43 44 45 46 47 48 49 50 51 74 75 76 
Interval 35: 0 1 2 3 4 6 7 8 9 12 13 14 15 16 17 18 25 26 27 28 29 30 31 32 33 34 35 36 50 51 52 53 54 55 56 57 58 59 61 62 63 64 65 66 67 68 69 70 71 72 73 
Interval 36: 0 1 2 3 4 5 6 7 8 9 10 11 12 14 15 16 17 18 19 20 21 22 23 24 25 28 29 30 31 32 33 34 35 36 37 38 39 40 41 42 43 45 46 48 49 56 57 59 61 63 64 65 66 67 68 69 70 73 74 75 76 77 78 
Interval 37: 0 1 2 3 4 5 6 7 8 9 10 11 12 13 14 15 16 17 18 19 20 21 22 23 24 25 26 27 28 29 31 32 33 34 35 36 37 38 39 40 41 42 43 44 45 46 47 48 49 51 52 53 54 55 59 63 65 66 67 68 71 72 73 74 75 77 
Interval 38: 0 1 2 3 4 5 6 7 8 9 10 11 12 13 14 15 16 17 18 19 20 22 23 24 26 27 28 29 30 31 32 34 35 36 37 38 39 40 41 45 46 48 52 53 54 57 59 60 61 62 63 64 70 71 72 73 74 77 78 
Interval 39: 0 1 2 3 4 5 6 7 8 9 10 11 12 13 14 15 16 17 18 19 20 23 24 26 28 29 30 31 32 33 34 35 36 37 38 39 40 41 47 49 52 57 58 59 60 61 62 63 64 66 67 68 70 72 75 77 78 
Interval 40: 0 1 2 3 4 5 6 7 8 9 10 11 12 13 14 15 16 17 18 19 20 21 22 23 24 25 26 27 28 29 30 31 32 33 34 35 37 38 39 42 43 46 48 49 50 53 55 56 57 58 60 61 62 64 66 69 70 71 75 77 
Interval 41: 0 1 2 3 4 5 6 7 8 9 10 11 12 13 14 15 16 17 18 19 20 21 22 24 25 27 28 29 30 32 33 34 35 36 38 41 42 43 44 48 51 54 56 57 58 60 61 64 66 68 71 72 76 77 
Interval 42: 0 1 2 3 4 5 6 7 8 9 10 11 12 13 14 15 16 17 18 19 20 21 23 24 25 28 29 30 32 33 34 35 36 37 38 39 41 42 46 47 48 49 50 58 60 61 65 66 68 70 72 74 75 76 77 
Interval 43: 0 1 2 3 4 5 6 7 8 9 10 11 12 13 14 15 16 17 18 19 20 21 22 24 26 27 28 29 30 31 32 33 34 35 36 37 38 39 45 49 53 55 57 59 60 63 64 65 67 68 71 73 75 76 77 
Interval 44: 0 1 2 3 4 5 6 7 8 9 10 11 12 13 14 15 16 17 18 19 20 21 22 23 25 26 27 28 29 30 31 32 33 34 35 36 37 38 41 42 44 45 46 47 50 58 59 60 63 64 67 68 69 70 71 72 74 76 77 
Interval 45: 0 1 2 3 4 5 6 7 8 9 10 11 12 13 14 15 16 17 18 19 20 21 23 24 26 28 29 30 31 32 33 34 35 36 37 38 40 42 43 46 48 49 52 57 58 59 60 61 62 63 64 65 68 69 70 71 72 74 77 
Interval 46: 0 1 2 3 4 5 6 7 8 9 10 11 12 13 14 15 16 17 18 19 20 21 22 23 25 26 28 29 30 31 32 33 34 35 36 37 38 41 42 44 45 47 51 52 53 57 59 60 62 65 66 67 68 71 73 74 75 76 77 
Interval 47: 0 1 2 3 4 5 6 7 8 9 10 11 12 13 14 15 16 17 19 20 21 22 23 24 26 27 28 29 30 31 32 33 34 35 38 39 42 44 45 47 48 52 53 54 55 56 57 59 63 66 68 69 70 76 
Interval 48: 0 1 2 3 4 5 6 7 8 9 10 11 12 13 14 15 16 17 18 19 21 22 23 24 25 26 27 28 29 30 31 32 33 34 35 36 37 38 39 42 44 47 48 52 55 56 59 60 62 65 66 69 71 72 73 76 
Interval 49: 0 1 2 3 4 5 6 7 8 9 10 11 12 13 14 15 16 17 18 19 21 22 23 24 25 26 27 28 29 30 31 32 33 34 35 36 37 38 39 42 43 45 46 48 50 51 52 53 55 56 59 60 62 64 66 69 72 73 75 76 
Interval 50: 0 1 2 3 4 5 6 7 8 9 10 11 12 13 14 15 16 17 18 19 20 22 23 24 25 26 27 28 29 30 32 34 35 36 37 38 40 41 44 45 48 49 50 51 53 54 57 58 59 60 65 69 71 73 75 76 
Interval 51: 0 1 2 3 4 5 6 7 8 9 10 11 12 13 14 15 16 17 18 19 20 21 22 23 24 25 26 28 29 30 31 32 34 35 36 37 38 39 40 43 44 45 47 48 50 51 52 56 57 58 59 60 61 62 65 68 71 72 74 75 76 
Interval 52: 0 1 2 3 4 5 6 7 8 9 10 11 12 13 14 15 16 17 18 19 20 21 22 23 24 25 26 27 29 30 32 33 34 35 36 37 38 39 40 43 44 45 46 49 50 52 53 54 55 58 64 65 67 68 70 71 72 74 75 76 
Interval 53: 0 1 2 3 4 5 6 7 8 9 10 11 12 13 14 15 16 17 18 19 20 21 23 24 25 26 27 28 29 30 31 32 33 34 35 37 38 39 40 41 47 48 50 52 53 54 56 58 59 60 62 63 64 65 66 67 68 71 75 76 
Interval 54: 0 1 2 3 4 5 6 7 8 9 10 11 12 13 15 16 17 18 19 20 22 23 24 25 27 30 31 32 33 34 35 36 38 39 44 45 46 47 48 49 50 51 54 55 61 64 66 68 69 70 73 75 
Interval 55: 0 1 2 3 4 5 6 7 8 9 10 11 12 13 14 15 16 17 18 19 21 22 23 24 25 26 27 29 30 31 33 34 35 36 37 38 39 45 46 47 49 50 53 58 59 61 66 69 70 71 72 74 75 
Interval 56: 0 1 2 3 4 5 6 7 8 9 10 11 12 13 14 15 16 17 18 19 21 23 24 25 26 28 29 30 31 32 33 34 35 36 37 38 39 42 43 47 48 51 52 53 56 58 60 64 66 68 69 70 72 73 74 75 
Interval 57: 0 1 2 3 4 5 6 7 8 9 10 11 12 13 14 15 16 17 18 19 20 21 22 23 24 25 26 28 29 30 31 32 34 35 36 37 38 40 41 42 45 48 50 52 53 56 57 58 59 60 61 62 63 68 69 71 73 74 75 
Interval 58: 0 1 2 3 4 5 6 7 8 9 10 11 12 13 14 15 16 17 19 20 21 22 23 24 26 27 28 29 30 31 32 33 34 35 38 39 40 43 44 45 46 47 48 52 53 55 56 59 60 62 64 67 71 75 
Interval 59: 0 1 2 3 4 5 6 7 8 9 10 11 12 13 14 15 16 17 18 19 21 22 23 24 25 26 27 29 30 31 33 34 36 37 38 42 45 46 47 48 50 51 52 54 59 60 61 62 66 67 68 69 73 74 75 
Interval 60: 0 1 2 3 4 5 6 7 8 9 10 11 12 13 14 15 16 17 18 19 20 21 22 23 24 25 27 28 29 30 31 32 33 35 36 37 38 40 43 44 45 46 47 48 50 55 56 59 60 61 62 65 67 71 72 74 75 
Interval 61: 0 1 2 3 4 5 6 7 8 9 10 11 12 13 14 15 16 17 18 19 20 21 22 23 25 26 27 28 29 30 31 34 35 36 37 38 40 41 42 43 44 46 52 53 55 56 59 61 62 63 69 70 71 72 73 74 
Interval 62: 0 1 2 3 4 5 6 7 8 9 10 11 12 13 14 15 16 17 18 19 20 21 22 23 24 25 26 28 29 30 32 34 35 37 38 40 41 42 43 45 47 48 49 50 51 56 59 61 64 65 68 69 70 71 74 
Interval 63: 0 1 2 3 4 5 6 7 8 9 10 11 12 13 14 15 16 17 18 20 21 22 23 24 26 28 29 30 31 32 33 35 36 37 41 43 45 46 48 49 52 53 56 57 58 59 60 61 62 63 65 66 70 71 72 74 
Interval 64: 0 1 2 3 4 5 6 7 8 9 10 11 12 13 14 15 16 17 18 19 20 21 22 23 24 25 27 28 29 30 31 32 34 35 37 38 39 40 43 44 45 47 48 50 55 56 58 60 62 64 68 71 74 
Interval 65: 0 1 2 3 4 5 6 7 8 9 10 11 12 13 14 15 16 17 18 20 21 23 25 26 28 29 30 31 32 33 34 35 36 37 40 41 43 47 50 53 56 57 58 61 62 63 64 65 68 70 71 73 74 
Interval 66: 0 1 2 3 4 5 6 7 8 9 10 11 12 13 14 15 16 17 18 19 20 21 22 23 24 25 26 27 28 30 31 32 33 34 35 36 38 39 41 42 43 45 46 48 51 53 60 61 62 63 65 66 67 69 70 72 73 74 
Interval 67: 0 1 2 3 4 5 6 7 8 9 10 11 12 13 14 15 16 17 18 19 20 22 23 24 25 26 27 28 29 30 31 32 33 34 35 36 37 39 40 45 46 47 49 50 53 54 55 56 57 59 63 64 65 67 68 69 70 71 72 73 
Interval 68: 0 1 2 3 4 5 6 7 8 9 10 11 12 13 15 16 17 18 19 20 21 22 23 24 25 26 30 31 33 34 35 36 37 39 40 41 44 48 49 50 51 52 61 62 66 68 69 70 72 73 
Interval 69: 0 1 2 3 4 5 6 7 8 9 10 11 12 13 14 15 16 17 18 19 20 21 23 24 25 26 27 29 30 31 32 35 36 38 39 41 42 43 46 47 48 49 50 51 52 53 54 59 63 64 65 70 71 72 73 
Interval 70: 0 1 2 3 4 5 6 7 8 9 10 11 12 13 14 15 16 17 18 19 20 21 22 23 24 25 26 27 29 30 32 33 35 36 37 38 39 41 43 44 45 49 53 54 59 60 64 65 66 67 72 73 
Interval 71: 0 1 2 3 4 5 6 7 8 9 10 11 12 13 14 15 16 17 18 19 20 21 22 23 24 26 27 28 30 31 33 34 35 36 37 38 39 41 42 44 46 47 48 49 52 53 54 56 57 60 61 62 63 66 68 70 72 73 
Interval 72: 0 1 2 3 4 5 6 7 8 9 10 11 12 13 14 15 16 17 18 19 20 21 22 24 25 26 27 28 29 30 33 34 35 36 37 38 41 43 44 45 48 51 53 54 56 58 60 67 69 70 71 72 73 
Interval 73: 0 1 2 3 4 5 6 7 8 9 10 11 12 13 14 15 16 17 18 19 20 21 23 24 25 26 27 28 29 31 32 33 34 36 38 43 46 47 49 50 51 52 54 55 57 58 62 63 65 67 68 72 73 
Interval 74: 0 1 2 3 4 5 6 7 8 9 10 11 12 13 14 15 16 17 18 19 20 22 23 24 25 26 27 28 29 30 32 33 34 35 36 38 41 44 46 47 49 50 53 54 55 56 58 60 61 64 65 67 68 69 71 72 
Interval 75: 0 1 2 3 4 5 6 7 8 9 10 11 12 13 14 15 16 17 18 19 21 23 24 26 27 29 30 31 32 33 34 35 36 37 38 42 46 48 49 52 54 55 59 61 62 63 64 65 67 68 70 71 72 
Interval 76: 0 1 2 3 4 5 6 7 8 9 10 11 12 13 14 15 16 17 18 19 20 21 22 23 24 25 27 28 29 30 31 33 34 35 36 38 41 42 43 44 46 48 49 50 55 57 61 62 63 66 68 71 72 
Interval 77: 0 1 2 3 4 5 6 7 8 9 10 11 12 13 14 15 16 17 18 19 20 21 22 23 24 26 27 29 30 31 32 33 34 35 36 38 39 40 43 44 45 47 48 52 54 55 58 60 63 64 65 66 67 68 71 72 
Interval 78: 0 1 2 3 4 5 6 7 8 9 10 11 12 13 14 15 16 17 18 20 21 22 23 24 25 26 27 28 29 30 31 32 33 34 35 36 37 41 43 44 47 48 50 51 52 53 54 57 58 59 60 62 63 64 65 66 68 70 71 72 
Interval 79: 0 1 2 3 4 5 6 7 8 9 10 11 12 13 14 15 16 17 18 19 21 22 23 24 25 26 27 28 29 30 31 33 34 35 36 37 38 39 43 44 45 46 48 49 50 51 52 54 55 56 57 59 61 62 63 66 69 71 72 
Interval 80: 0 1 2 3 4 5 6 7 8 9 10 11 12 13 14 15 16 17 18 19 20 21 22 24 25 26 27 28 31 32 33 34 35 36 37 38 41 42 43 44 45 48 52 54 56 57 63 64 65 66 69 71 72 
Interval 81: 0 1 2 3 4 5 6 7 8 9 10 11 12 13 14 15 16 17 18 19 20 21 23 24 25 26 27 28 29 31 32 34 36 37 38 40 42 46 47 49 50 53 54 55 56 57 59 64 68 71 
Interval 82: 0 1 2 3 4 5 6 7 8 9 10 11 12 13 14 15 16 17 18 19 20 21 22 23 24 25 26 27 29 30 31 32 33 34 35 36 37 38 41 42 44 47 49 50 52 53 54 59 60 61 64 65 67 68 69 70 71 
Interval 83: 0 1 2 3 4 5 6 7 8 9 10 11 12 13 14 15 16 17 18 19 20 21 22 23 25 26 27 28 29 30 31 32 33 34 35 36 37 38 39 41 42 43 44 46 50 52 54 56 57 60 62 65 69 71 
Interval 84: 0 1 2 3 4 5 6 7 8 9 10 11 12 13 14 15 16 17 18 19 20 22 24 25 26 27 28 29 30 31 32 33 34 35 36 38 39 40 41 45 48 52 54 55 56 58 59 62 64 66 68 70 71 
Interval 85: 0 1 2 3 4 5 6 7 8 9 10 11 12 13 14 15 16 17 18 19 20 21 22 23 24 25 26 27 29 30 31 32 33 34 35 36 37 38 39 40 43 44 45 46 47 48 50 52 53 54 58 60 62 63 64 68 71 
Interval 86: 0 1 2 3 4 5 6 7 8 9 10 11 12 13 14 15 16 17 18 19 20 21 22 23 24 25 27 28 29 30 31 32 33 34 35 36 37 38 39 41 42 43 44 45 47 49 50 51 54 57 58 60 63 65 66 71 
Interval 87: 0 1 2 3 4 5 6 7 8 9 10 11 12 13 14 15 16 17 18 19 20 21 22 23 24 25 26 28 30 31 32 33 34 35 37 39 40 41 42 43 44 46 47 48 49 51 52 53 57 61 62 63 64 67 68 69 70 71 
Interval 88: 0 1 2 3 4 5 6 7 8 9 10 11 12 13 14 15 16 17 18 19 21 23 24 25 26 27 28 29 30 31 32 33 34 36 37 38 39 42 46 47 48 49 52 53 54 56 57 58 60 61 62 64 65 66 68 69 70 
Interval 89: 0 1 2 3 4 5 6 7 8 9 10 11 12 13 14 15 16 17 18 20 21 22 23 24 25 26 27 28 29 30 31 32 33 34 37 44 46 48 50 51 53 55 56 57 58 59 60 61 63 64 66 67 68 70 
Interval 90: 0 1 2 3 4 5 6 7 8 9 10 11 12 13 14 15 16 17 18 19 20 21 22 23 24 25 26 27 28 30 31 33 34 35 36 38 40 42 46 49 52 53 54 55 60 61 66 68 69 70 
Interval 91: 0 1 2 3 4 5 6 7 8 9 10 11 12 13 14 15 16 17 18 19 20 21 22 23 24 25 26 27 28 29 30 32 33 34 35 36 37 38 40 41 42 46 47 48 49 50 52 53 54 56 58 59 61 64 67 68 69 70 
Interval 92: 0 1 2 3 4 5 6 7 8 9 10 11 12 13 14 15 16 17 18 19 21 22 23 24 25 26 28 29 30 31 32 33 34 36 37 38 39 43 47 48 49 51 52 56 57 59 60 61 66 67 68 69 70 
Interval 93: 0 1 2 3 4 5 6 7 8 9 10 11 12 13 14 15 16 17 18 19 20 21 22 23 24 25 26 27 28 29 30 31 32 33 34 35 36 39 41 42 43 44 47 49 51 53 54 56 57 58 61 63 65 67 68 70 
Interval 94: 0 1 2 3 4 5 6 7 8 9 10 11 12 13 14 15 16 17 18 19 20 22 23 24 25 27 28 29 30 31 32 33 34 35 36 37 38 40 41 44 48 51 54 55 58 60 61 62 63 65 67 69 70 
Interval 95: 0 1 2 3 4 5 6 7 8 9 11 12 13 14 15 16 17 18 19 23 24 25 26 27 28 29 31 32 33 34 35 37 38 39 46 47 48 49 50 51 52 53 55 56 57 58 62 65 66 68 69 
Interval 96: 0 1 2 3 4 5 6 7 8 9 10 11 12 13 14 15 16 17 18 19 20 21 23 24 25 26 27 29 30 31 33 34 35 36 37 38 40 41 43 46 47 48 49 50 51 53 54 55 58 61 63 66 68 69 
Interval 97: 0 1 2 3 4 5 6 7 8 9 10 11 12 13 14 15 16 17 18 19 20 21 22 23 24 25 27 28 30 31 32 33 34 35 36 37 38 44 45 47 48 49 54 55 57 60 61 62 63 64 66 67 69 
Interval 98: 0 1 2 3 4 5 6 7 8 9 10 11 12 13 14 15 16 17 18 19 20 21 22 23 24 25 26 27 28 29 30 31 32 33 34 35 36 37 38 39 41 42 45 47 49 51 52 53 55 56 58 59 61 63 64 69 
Interval 99: 0 1 2 3 4 5 6 7 8 9 10 11 12 13 14 15 16 17 18 19 20 21 22 23 24 25 27 28 29 31 32 33 35 36 37 38 40 41 42 45 46 48 49 50 51 54 59 62 64 65 67 69 
Interval 100: 0 1 2 3 4 5 6 7 8 9 10 11 12 13 14 15 16 17 18 20 21 22 23 24 25 27 30 32 33 35 36 37 40 41 42 44 46 47 48 49 50 51 54 55 60 61 65 66 68 69 
Interval 101: 0 1 2 3 4 5 6 7 8 9 10 11 12 13 14 15 16 17 18 19 20 21 22 23 24 27 28 29 30 31 32 33 34 35 36 37 38 41 42 43 45 46 48 49 54 55 59 61 62 64 65 66 67 68 
Interval 102: 0 1 2 3 4 5 6 7 8 9 10 11 12 13 14 15 16 17 18 19 20 21 23 24 25 26 27 28 29 30 31 32 33 34 35 36 37 38 40 46 47 48 49 51 52 53 55 56 58 59 60 61 62 65 66 68 
Interval 103: 0 1 2 3 4 5 6 7 8 9 10 11 12 13 14 15 16 17 18 19 20 21 22 23 24 25 26 27 28 29 30 31 32 33 35 36 38 39 40 41 42 45 48 50 51 53 55 56 59 60 61 62 64 65 68 
Interval 104: 0 1 2 3 4 5 6 7 8 9 10 11 12 13 15 16 17 18 19 20 21 22 23 24 25 26 27 30 32 33 34 35 37 38 40 41 42 43 45 47 48 49 50 52 53 54 55 61 65 68 
Interval 105: 0 1 2 3 4 5 6 7 8 9 10 11 12 13 14 15 16 17 18 19 20 22 23 24 25 26 27 28 30 31 32 33 34 35 36 37 38 39 40 46 49 50 53 54 57 61 62 63 67 68 
Interval 106: 0 1 2 3 4 5 6 7 8 9 10 11 12 13 14 15 16 17 18 19 20 21 22 23 24 25 26 27 28 29 30 31 32 33 34 35 36 37 38 41 44 46 49 51 52 55 56 57 58 60 62 64 66 68 
Interval 107: 0 1 2 3 4 5 6 7 8 9 10 11 12 13 14 15 16 17 18 19 20 21 22 23 25 26 27 28 29 30 31 32 33 34 35 36 37 38 39 40 41 44 45 46 47 51 55 57 58 61 62 65 67 68 
Interval 108: 0 1 2 3 4 5 6 7 8 9 10 11 12 13 14 15 16 17 18 19 20 21 22 23 24 26 27 28 29 30 31 32 33 34 35 36 38 39 41 42 45 46 47 48 52 56 58 59 60 64 65 66 67 
Interval 109: 0 1 2 3 4 5 6 7 8 9 10 11 12 13 14 15 16 17 18 19 20 22 23 24 25 26 27 28 29 30 32 33 34 35 36 38 41 44 46 48 49 50 52 54 56 57 59 60 61 64 66 67 
Interval 110: 0 1 2 3 4 5 6 7 8 9 10 11 12 13 14 15 16 17 18 19 20 21 22 23 24 26 27 28 30 31 33 34 35 36 37 38 39 40 42 43 44 46 47 53 54 56 57 60 61 66 67 
Interval 111: 0 1 2 3 4 5 6 7 8 9 10 11 12 13 14 15 16 17 18 19 20 21 22 23 24 25 27 29 31 32 33 34 35 37 38 39 40 41 42 43 44 46 47 49 50 51 54 55 58 63 65 67 
Interval 112: 0 1 2 3 4 5 6 7 8 9 10 11 12 13 14 15 16 17 19 21 22 23 24 25 26 27 28 29 30 31 32 33 34 35 38 43 44 45 47 50 52 53 54 56 57 58 59 60 62 63 64 66 67 
Interval 113: 0 1 2 3 4 5 6 7 8 9 10 11 12 13 14 15 16 17 18 19 20 22 23 24 25 27 28 29 30 31 32 33 34 35 36 37 38 39 40 41 44 45 48 51 55 57 60 62 63 64 65 66 67 
Interval 114: 0 1 2 3 4 5 6 7 8 9 10 11 12 13 14 15 16 17 18 19 21 22 23 24 25 26 27 28 30 31 33 34 35 36 37 43 44 46 49 50 51 53 55 57 61 62 66 67 
Interval 115: 0 1 2 3 4 5 6 7 8 9 10 11 12 13 14 15 17 18 19 20 22 23 24 25 26 28 29 30 31 34 35 36 38 39 40 44 45 46 47 48 49 50 51 52 53 56 57 59 61 63 66 
Interval 116: 0 1 2 3 4 5 6 7 8 9 10 11 12 13 14 15 16 17 18 19 21 22 23 24 25 26 27 28 29 30 32 33 34 35 36 38 42 43 44 47 49 50 51 52 54 55 57 58 60 61 64 66 
Interval 117: 0 1 2 3 4 5 6 7 8 9 10 11 12 13 14 15 16 17 18 19 20 21 22 23 25 26 27 28 29 30 31 32 33 35 37 38 39 41 42 43 44 46 50 52 54 56 59 60 61 62 64 66 
Interval 118: 0 1 2 3 4 5 6 7 8 9 10 12 13 14 15 16 17 18 19 20 21 24 25 26 27 28 29 30 31 32 33 34 35 36 38 42 48 50 51 52 53 57 58 60 61 62 64 65 66 
Interval 119: 0 1 2 3 4 5 6 7 8 9 10 11 12 13 14 15 16 17 18 19 20 22 24 25 26 27 28 29 30 31 32 33 34 35 36 37 38 39 44 48 50 51 52 54 55 56 57 58 59 60 61 62 64 66 
Interval 120: 0 1 2 3 4 5 6 7 8 9 10 11 12 13 14 15 16 17 18 20 21 23 24 25 26 27 28 29 30 31 33 34 35 36 37 40 42 46 48 50 53 55 57 58 59 60 61 62 65 66 
Interval 121: 0 1 2 3 4 5 6 7 8 9 10 11 12 13 14 15 16 17 18 19 20 21 22 23 24 25 26 27 28 29 30 32 33 34 36 37 38 39 41 42 44 45 46 47 48 51 52 54 56 57 60 61 64 65 
Interval 122: 0 1 2 3 4 5 6 7 8 9 10 11 12 13 14 15 16 17 18 19 21 22 24 25 26 27 28 29 30 31 32 33 34 36 37 38 39 42 43 44 45 49 50 52 53 54 56 57 59 61 62 64 65 
Interval 123: 0 1 2 3 4 5 6 7 8 9 10 11 12 13 14 15 16 17 18 19 20 21 22 23 24 25 26 27 28 29 31 33 34 35 37 38 39 40 42 44 47 48 50 52 53 54 56 57 58 63 65 
Interval 124: 0 1 2 3 4 5 6 7 8 9 10 11 12 13 14 16 17 18 19 20 21 23 24 25 26 27 28 29 32 33 34 35 36 37 38 39 40 43 46 48 51 52 53 54 56 57 59 65 
Interval 125: 0 1 2 3 4 5 6 7 8 9 10 11 12 13 14 15 16 17 18 19 20 21 22 23 24 25 26 27 28 31 32 33 34 35 36 37 38 40 41 42 44 48 50 51 52 54 57 62 63 65 
Interval 126: 0 1 2 3 4 5 6 7 8 9 10 11 12 13 14 15 16 17 18 19 20 21 24 25 27 28 29 30 31 32 33 34 37 39 43 48 49 50 54 55 56 57 62 63 64 65 
Interval 127: 0 1 2 3 4 5 6 7 8 9 10 11 12 13 14 15 16 17 18 20 21 22 23 24 25 26 27 28 31 32 33 34 35 36 37 41 42 43 45 47 48 49 50 51 53 55 62 63 64 65 
Interval 128: 0 1 2 3 4 5 6 7 8 9 10 11 12 13 14 15 16 17 18 19 20 21 22 23 24 25 27 28 29 31 32 33 34 35 36 37 38 40 43 44 46 47 49 50 51 55 57 58 64 
Interval 129: 0 1 2 3 4 5 6 7 8 9 10 11 12 13 14 15 16 17 18 19 20 21 22 23 24 25 26 27 29 30 32 33 34 35 36 37 40 42 43 44 45 47 49 50 51 52 55 59 60 64 
Interval 130: 0 1 2 3 4 5 6 7 8 9 10 11 12 13 14 15 16 17 18 19 21 22 23 24 26 27 29 31 32 33 34 35 36 37 38 42 44 48 52 58 59 62 63 64 
Interval 131: 0 1 2 3 4 5 6 7 8 9 10 11 12 13 14 15 16 17 18 19 20 21 22 23 24 25 26 27 28 29 30 31 32 33 34 35 36 37 43 45 46 47 48 50 54 56 58 59 60 61 63 64 
Interval 132: 0 1 2 3 4 5 6 7 8 9 10 11 12 13 14 15 16 17 18 19 21 22 23 25 27 28 29 30 31 32 33 34 35 36 37 38 39 42 44 47 54 56 57 59 60 62 64 
Interval 133: 0 1 2 3 4 5 6 7 8 9 10 11 12 13 14 15 16 17 18 19 20 21 23 24 25 26 27 28 29 30 31 32 33 34 35 36 37 38 39 40 43 46 48 50 53 55 56 57 58 59 61 62 63 64 
Interval 134: 0 1 2 3 4 5 6 7 8 9 10 11 12 13 14 15 16 17 18 19 21 22 23 24 25 26 27 28 29 30 31 32 33 34 35 36 37 38 39 43 44 45 47 50 52 55 56 57 58 61 62 63 64 
Interval 135: 0 1 2 3 4 5 6 7 8 9 10 11 12 13 14 15 16 17 18 19 20 21 22 23 24 25 26 28 29 30 31 32 33 34 35 36 37 39 41 42 45 46 47 48 49 50 53 56 57 58 60 61 62 63 
Interval 136: 0 1 2 3 4 5 6 7 8 9 10 11 12 13 14 15 16 17 18 19 21 22 23 25 27 28 29 30 31 32 34 35 36 37 42 43 44 46 50 51 54 55 56 57 58 62 63 
Interval 137: 0 1 2 3 4 5 6 7 8 9 10 11 12 13 14 15 16 17 18 19 20 21 22 23 24 25 26 28 29 30 31 33 34 35 36 37 38 39 40 42 44 46 47 48 51 52 53 56 58 59 61 62 63 
Interval 138: 0 1 2 3 4 5 6 7 8 9 10 11 12 13 14 15 16 17 18 19 20 21 22 23 24 25 26 27 28 29 30 31 32 33 35 36 37 38 40 41 42 45 47 48 49 51 52 55 56 58 59 60 63 
Interval 139: 0 1 2 3 4 5 6 7 8 9 10 11 12 13 14 15 16 17 18 19 20 21 22 23 24 25 26 27 29 31 32 33 34 35 36 37 38 40 43 44 46 47 51 53 55 59 62 63 
Interval 140: 0 1 2 3 4 5 6 7 8 9 10 11 12 13 14 15 16 18 19 20 21 22 23 24 26 27 28 29 30 31 32 33 36 37 38 41 42 43 44 45 47 48 53 54 55 57 59 60 61 62 63 
Interval 141: 0 1 2 3 4 5 6 7 8 9 10 11 12 13 14 15 16 17 18 19 20 21 22 24 26 28 29 30 31 32 34 35 36 37 39 40 41 44 48 49 52 56 57 58 59 60 61 62 63 
Interval 142: 0 1 2 3 4 5 6 7 8 9 10 11 12 13 14 15 16 17 18 19 20 23 24 25 27 28 29 30 31 32 33 34 36 37 38 40 41 46 47 49 51 54 56 57 59 62 
Interval 143: 0 1 2 3 4 5 6 7 8 9 10 11 12 13 14 15 16 17 18 19 20 21 23 24 26 27 28 29 30 31 32 33 34 35 36 37 38 41 42 47 49 52 55 56 59 61 62 
Interval 144: 0 1 2 3 4 5 6 7 8 9 10 11 12 13 14 15 16 17 18 19 20 21 22 23 24 25 26 27 28 29 31 32 33 34 35 37 38 39 40 41 42 43 45 47 49 50 51 53 57 59 62 
Interval 145: 0 1 2 3 4 5 6 7 8 9 10 11 12 13 14 15 16 17 18 19 20 21 22 23 24 25 26 27 28 30 31 32 33 34 36 37 39 41 43 44 45 46 47 49 52 53 55 56 57 60 61 62 
Interval 146: 0 1 2 3 4 5 6 7 8 9 10 11 12 13 14 15 16 17 18 19 20 21 22 23 24 26 27 28 30 31 32 33 34 35 36 37 38 41 42 44 45 47 49 52 53 55 56 62 
Interval 147: 0 1 2 3 4 5 6 7 8 9 10 11 12 13 14 15 16 17 18 19 20 22 23 24 25 26 28 29 30 31 33 34 35 36 38 41 44 45 46 47 49 50 51 53 56 58 60 61 62 
Interval 148: 0 1 2 3 4 5 6 7 8 9 10 11 12 13 14 15 16 17 18 19 20 21 23 24 26 27 28 29 30 31 32 33 34 35 36 37 38 39 41 42 43 46 48 53 55 56 58 61 
Interval 149: 0 1 2 3 4 5 6 7 8 9 10 11 12 13 14 15 16 17 18 19 21 22 23 24 25 26 27 28 29 30 31 33 34 35 36 37 38 39 42 43 45 46 48 49 53 54 57 58 60 61 
Interval 150: 0 1 2 3 4 5 6 7 8 9 10 11 12 13 14 15 16 17 18 19 20 22 23 24 25 26 27 29 30 31 32 33 34 35 36 37 38 40 46 48 49 51 52 54 55 59 60 61 
Interval 151: 0 1 2 3 4 5 6 7 8 9 10 11 12 13 14 15 16 17 18 19 20 21 23 24 25 26 27 28 29 31 33 34 35 36 38 41 42 43 46 48 50 51 52 53 54 56 58 59 61 
Interval 152: 0 1 2 3 4 5 6 7 8 9 10 11 12 13 14 15 16 17 18 19 20 21 22 23 24 25 26 27 28 29 30 31 33 35 37 38 39 41 43 45 46 47 48 50 52 53 54 55 57 58 59 60 61 
Interval 153: 0 1 2 3 4 5 6 7 8 9 11 12 13 14 15 16 17 18 19 22 23 24 25 26 27 28 29 30 31 32 33 34 35 36 37 38 39 46 48 49 51 52 54 55 56 58 59 61 
Interval 154: 0 1 2 3 4 5 6 7 8 9 10 11 12 13 14 15 16 17 18 19 20 21 22 24 25 26 27 28 29 30 31 32 33 34 36 37 38 39 41 42 43 45 48 50 53 55 57 58 59 60 61 
Interval 155: 0 1 2 3 4 5 6 7 8 9 10 11 12 13 14 15 16 17 18 19 21 22 23 25 26 27 28 29 30 31 32 33 34 36 37 38 39 42 43 45 46 47 50 51 52 53 54 55 57 59 60 
Interval 156: 0 1 2 3 4 5 6 7 8 9 10 11 12 13 14 15 16 17 18 19 20 21 22 23 24 25 26 27 28 29 30 31 33 35 36 37 38 41 42 44 45 48 49 50 51 52 54 57 58 60 
Interval 157: 0 1 2 3 4 5 6 7 8 9 10 11 12 13 14 15 16 17 18 19 20 21 22 23 24 25 26 27 28 29 31 32 33 34 35 36 37 38 40 42 46 48 51 52 55 56 57 58 59 60 
Interval 158: 0 1 2 3 4 5 6 7 8 9 10 11 12 13 14 15 16 17 18 19 21 22 23 24 25 26 27 28 29 30 31 32 33 34 35 36 37 38 42 44 48 51 52 53 54 56 57 58 59 60 
Interval 159: 0 1 2 3 4 5 6 7 8 9 10 11 12 13 14 15 16 17 18 19 20 21 22 23 24 26 27 28 29 30 31 32 33 34 35 36 37 38 39 40 41 42 43 44 46 47 48 49 52 53 54 56 58 60 
Interval 160: 0 1 2 3 4 5 6 7 8 9 10 11 12 13 14 15 16 17 18 19 20 22 23 24 25 26 27 29 30 32 33 35 36 37 38 40 41 45 46 48 50 52 53 54 58 59 60 
Interval 161: 0 1 2 3 4 5 6 7 8 9 10 11 12 13 14 15 16 17 18 20 21 23 24 25 26 27 28 29 30 32 33 34 35 36 37 40 41 43 47 49 50 51 52 53 56 58 59 60 
Interval 162: 0 1 2 3 4 5 6 7 8 9 10 11 12 13 14 15 16 17 18 19 21 22 23 24 25 27 28 29 30 31 32 33 34 35 36 38 39 42 43 44 45 47 49 50 51 55 57 58 59 
Interval 163: 0 1 2 3 4 5 6 7 8 9 10 11 12 13 14 15 16 17 18 19 20 22 23 24 25 26 27 28 29 30 32 33 34 35 37 39 40 41 45 49 50 53 54 55 56 58 59 
Interval 164: 0 1 2 3 4 5 6 7 8 9 10 11 12 13 14 15 17 18 19 20 22 23 24 25 26 27 28 29 30 31 34 35 36 37 38 39 40 41 45 46 47 48 49 50 54 56 58 59 
Interval 165: 0 1 2 3 4 5 6 7 8 9 10 11 12 13 14 15 16 17 18 19 20 21 22 23 24 25 26 27 28 29 30 32 33 34 35 36 37 38 39 43 46 48 49 50 51 52 54 55 57 58 59 
Interval 166: 0 1 2 3 4 5 6 7 8 9 10 11 12 13 14 15 16 17 18 19 21 22 23 24 25 26 28 30 31 32 33 34 35 36 38 42 43 44 45 46 50 51 52 53 57 59 
Interval 167: 0 1 2 3 4 5 6 7 8 9 10 11 12 13 14 15 16 17 18 19 20 21 22 23 24 25 27 29 30 31 32 34 36 38 39 40 41 43 44 46 47 49 50 54 55 58 59 
Interval 168: 0 1 2 3 4 5 6 7 8 9 10 12 13 14 15 16 17 18 19 20 21 24 25 26 27 29 31 32 33 34 35 36 37 38 39 40 41 42 48 49 51 52 53 54 55 58 
Interval 169: 0 1 2 3 4 5 6 7 8 9 10 11 12 13 14 15 16 17 18 19 20 21 22 23 24 25 27 28 29 30 31 32 33 34 35 37 38 39 40 41 44 47 49 50 51 54 55 56 58 
Interval 170: 0 1 2 3 4 5 6 7 8 9 10 11 12 13 14 15 16 17 18 19 20 21 22 23 24 25 26 27 29 31 32 33 34 35 36 38 39 41 43 45 46 49 50 51 53 54 58 
Interval 171: 0 1 2 3 4 5 6 7 8 9 10 11 12 13 14 15 16 17 18 19 20 23 24 25 27 28 29 30 31 32 33 34 35 36 37 38 39 46 48 49 51 57 58 
Interval 172: 0 1 2 3 4 5 6 7 8 9 10 11 12 13 14 15 16 17 18 19 20 21 22 23 24 25 26 27 28 30 31 32 33 34 35 36 37 38 39 41 43 45 47 48 50 52 54 55 57 58 
Interval 173: 0 1 2 3 4 5 6 7 8 9 10 11 12 13 14 15 16 17 18 19 20 23 24 25 26 27 28 29 30 31 32 33 34 37 38 39 40 41 46 47 48 51 52 55 56 58 
Interval 174: 0 1 2 3 4 5 6 7 8 9 10 11 12 13 14 15 16 17 18 19 21 22 23 24 26 27 28 29 30 31 32 35 36 37 38 39 43 44 46 47 53 54 55 56 57 58 
Interval 175: 0 1 2 3 4 5 6 7 8 9 10 11 12 13 14 15 16 17 18 19 20 21 22 23 24 25 26 27 28 29 30 31 32 33 34 35 36 37 38 40 43 44 45 46 47 51 52 53 55 56 57 
Interval 176: 0 1 2 3 4 5 6 7 8 9 10 11 12 13 14 15 16 17 18 19 20 21 22 23 24 25 27 28 29 30 31 32 34 35 36 37 38 39 40 43 45 47 49 50 51 55 56 57 
Interval 177: 0 1 2 3 4 5 6 7 8 9 10 11 12 13 14 15 16 17 18 19 21 22 23 24 25 26 27 28 29 30 31 32 33 34 35 37 38 39 42 43 44 46 47 48 51 52 53 54 55 56 57 
Interval 178: 0 1 2 3 4 5 6 7 8 9 10 11 12 13 14 15 16 17 18 19 20 21 22 23 24 25 27 28 29 31 33 34 35 36 37 38 39 41 42 43 45 47 48 50 54 55 57 
Interval 179: 0 1 2 3 4 5 6 7 8 9 10 11 12 13 14 15 16 17 18 19 20 21 22 23 24 25 26 28 30 31 32 33 34 37 38 39 40 45 46 48 50 52 53 56 57 
Interval 180: 0 1 2 3 4 5 6 7 8 9 10 11 12 13 14 15 16 17 18 20 21 23 24 25 26 27 28 29 30 31 32 34 35 36 37 40 41 42 46 49 50 51 54 56 57 
Interval 181: 0 1 2 3 4 5 6 7 8 9 10 11 12 13 14 15 16 17 18 20 21 23 24 25 27 28 29 30 31 32 33 34 36 37 40 42 43 46 48 49 50 55 56 
Interval 182: 0 1 2 3 4 5 6 7 8 9 10 11 12 13 14 15 16 17 18 19 20 21 22 23 24 25 26 28 29 30 31 32 33 34 36 37 39 41 42 45 46 48 49 50 52 53 56 
Interval 183: 0 1 2 3 4 5 6 7 8 9 10 11 12 13 14 15 16 17 18 19 20 21 22 23 24 25 26 27 29 31 32 33 34 36 37 38 39 41 43 44 46 47 49 51 52 53 54 56 
Interval 184: 0 1 2 3 4 5 6 7 8 9 10 11 12 13 14 15 16 17 18 19 20 22 23 24 25 26 27 28 29 30 31 32 33 34 35 36 37 38 40 41 45 47 49 50 52 53 55 56 
Interval 185: 0 1 2 3 4 5 6 7 8 9 10 11 12 13 14 15 16 17 18 19 21 22 23 24 25 26 28 29 30 31 32 33 34 35 36 37 38 39 42 44 46 48 49 50 51 52 53 56 
Interval 186: 0 1 2 3 4 5 6 7 8 9 10 11 12 13 14 15 16 17 18 19 20 21 22 23 24 25 26 27 28 30 32 33 34 35 36 37 38 39 42 44 45 46 48 50 51 53 54 55 56 
Interval 187: 0 1 2 3 4 5 6 7 8 9 10 11 12 13 14 15 16 17 18 20 21 22 23 24 25 26 27 28 29 30 31 32 33 35 36 37 40 41 42 44 46 47 48 49 50 52 55 56 
Interval 188: 0 1 2 3 4 5 6 7 8 9 10 11 12 13 14 15 16 17 18 19 20 21 22 23 24 25 26 27 28 30 31 32 33 34 35 36 38 39 40 42 43 45 46 47 49 50 53 55 
Interval 189: 0 1 2 3 4 5 6 7 8 9 10 11 12 13 14 15 16 17 18 19 21 23 24 25 26 27 28 29 30 33 34 35 36 37 38 39 43 46 48 50 52 53 55 
Interval 190: 0 1 2 3 4 5 6 7 8 9 10 11 12 13 14 15 16 17 18 19 20 21 22 23 25 27 29 30 31 33 35 37 38 39 41 42 44 45 50 55 
Interval 191: 0 1 2 3 4 5 6 7 8 9 10 11 12 13 14 15 16 17 18 19 20 21 22 24 25 26 27 28 29 32 34 37 38 40 41 43 44 45 48 49 52 53 54 55 
Interval 192: 0 1 2 3 4 5 6 7 8 9 10 11 12 13 14 15 16 17 18 19 20 21 22 23 24 25 26 27 28 29 30 31 32 33 34 35 36 37 38 41 42 44 45 47 51 52 53 54 55 
Interval 193: 0 1 2 3 4 5 6 7 8 9 10 11 12 13 14 15 16 17 18 19 20 21 22 23 24 25 26 27 28 29 30 32 33 34 35 36 37 38 39 40 42 43 46 47 48 51 52 55 
Interval 194: 0 1 2 3 4 5 6 7 8 9 10 11 12 13 14 15 16 17 18 19 20 21 22 23 24 25 26 28 29 30 31 32 33 34 35 37 38 40 41 43 47 49 50 51 53 54 55 
Interval 195: 0 1 2 3 4 5 6 7 8 9 10 11 12 13 14 15 16 17 18 19 20 23 24 25 27 28 29 30 31 33 34 35 36 37 38 40 46 49 50 51 54 
Interval 196: 0 1 2 3 4 5 6 7 8 9 10 11 12 13 14 15 16 17 18 19 20 21 22 23 25 26 27 28 29 30 32 33 34 38 39 40 41 42 43 45 47 51 52 53 54 
Interval 197: 0 1 2 3 4 5 6 7 8 9 10 11 12 13 14 15 16 17 18 19 20 21 22 23 24 25 26 27 28 29 30 31 32 33 34 35 36 38 42 43 44 46 48 49 50 52 53 54 
Interval 198: 0 1 2 3 4 5 6 7 8 9 10 11 12 13 14 15 16 17 18 19 20 21 22 23 24 25 26 27 28 29 30 31 32 33 34 35 36 38 39 41 42 43 44 45 48 49 50 52 53 54 
Interval 199: 0 1 2 3 4 5 6 7 8 9 10 11 12 13 14 15 16 17 18 19 20 21 22 23 24 26 27 28 29 30 31 32 34 35 36 38 40 42 44 46 47 48 52 53 54 
Interval 200: 0 1 2 3 4 5 6 7 8 9 10 11 12 13 14 15 16 17 18 19 20 21 22 25 26 27 28 29 30 31 32 33 34 35 36 37 38 40 41 42 45 52 53 54 
Interval 201: 0 1 2 3 4 5 6 7 8 9 10 11 12 13 14 15 16 17 18 19 20 21 22 23 24 25 26 27 28 29 30 31 32 35 36 38 39 40 41 42 43 47 49 50 52 53 
Interval 202: 0 1 2 3 4 5 6 7 8 9 10 11 12 13 14 15 16 17 18 19 20 21 22 23 24 25 26 27 28 29 30 31 32 34 35 36 39 42 43 44 47 49 50 52 53 
Interval 203: 0 1 2 3 4 5 6 7 8 9 10 11 12 13 14 15 16 17 18 19 20 21 22 24 25 26 27 28 29 30 31 32 33 34 35 36 37 39 40 41 42 43 49 51 53 
Interval 204: 0 1 2 3 4 5 6 7 8 9 10 11 12 13 14 15 16 17 18 19 20 21 22 23 24 25 26 27 28 29 30 31 32 34 35 37 38 39 40 43 46 48 51 52 53 
Interval 205: 0 1 2 3 4 5 6 7 8 9 10 11 12 13 14 15 16 17 18 19 20 21 22 23 24 25 26 27 28 29 30 31 32 33 35 36 37 39 40 43 44 45 47 48 49 50 51 53 
Interval 206: 0 1 2 3 4 5 6 7 8 9 10 11 12 13 14 15 16 17 18 19 20 21 22 23 24 25 26 27 28 31 32 33 34 35 36 37 39 40 42 44 47 48 49 51 52 53 
Interval 207: 0 1 2 3 4 5 6 7 8 9 10 11 12 13 14 15 16 17 18 19 21 22 23 24 25 26 27 28 29 30 32 33 34 36 38 39 43 44 45 47 51 52 53 
Interval 208: 0 1 2 3 4 5 6 7 8 9 10 11 12 13 14 15 16 17 18 19 20 21 22 23 24 25 26 28 30 31 32 35 36 37 38 39 40 41 43 44 45 46 48 49 51 52 
Interval 209: 0 1 2 3 4 5 6 7 8 9 10 11 12 13 14 15 16 17 18 19 20 21 22 23 24 25 26 27 29 30 31 32 34 36 37 38 40 41 43 44 46 47 48 50 51 52 
Interval 210: 0 1 2 3 4 5 6 7 8 9 10 11 12 13 14 15 16 17 18 19 20 21 22 23 24 25 26 27 28 29 30 32 34 35 37 38 39 40 41 43 45 46 47 49 50 51 52 
Interval 211: 0 1 2 3 4 5 6 7 8 9 10 11 12 13 14 15 16 17 18 19 20 21 23 25 26 27 28 29 30 31 32 33 35 36 37 39 42 43 46 47 50 52 
Interval 212: 0 1 2 3 4 5 6 7 8 9 10 11 12 13 14 15 16 17 18 19 20 21 22 23 24 25 26 27 28 29 30 31 32 34 36 37 38 40 41 43 44 45 47 50 51 52 
Interval 213: 0 1 2 3 4 5 6 7 8 9 10 11 12 13 14 15 16 17 18 19 20 21 22 23 24 25 26 27 29 30 32 34 35 36 37 38 40 41 42 44 45 46 48 49 51 52 
Interval 214: 0 1 2 3 4 5 6 7 8 9 10 12 13 14 15 16 17 18 19 20 21 24 25 26 27 28 29 30 31 32 33 34 35 36 37 39 40 41 43 48 49 51 
Interval 215: 0 1 2 3 4 5 6 7 8 9 10 11 12 13 14 15 16 17 18 19 20 22 23 24 25 26 27 28 29 30 31 32 33 34 36 37 38 39 40 41 47 48 49 51 
Interval 216: 0 1 2 3 4 5 6 7 8 9 10 11 12 13 14 15 16 17 18 19 21 22 23 24 25 26 27 28 29 30 31 32 33 34 37 38 43 44 46 47 48 49 51 
Interval 217: 0 1 2 3 4 5 6 7 8 9 10 11 12 13 14 15 16 17 18 19 20 22 23 24 25 26 27 28 29 31 32 33 34 35 36 37 38 39 44 45 46 48 51 
Interval 218: 0 1 2 3 4 5 6 7 8 9 10 11 12 13 14 15 16 17 18 20 21 22 23 24 25 26 27 28 29 30 31 32 33 34 35 36 37 41 43 46 47 49 50 51 
Interval 219: 0 1 2 3 4 5 6 7 8 9 10 11 12 13 14 15 16 17 18 19 20 21 22 23 24 25 26 27 28 29 30 31 32 33 34 36 38 39 41 42 43 44 45 46 48 51 
Interval 220: 0 1 2 3 4 5 6 7 8 9 10 11 12 13 14 15 16 17 18 19 20 21 22 23 25 26 27 29 30 31 32 33 34 35 36 37 38 39 41 43 44 45 46 50 51 
Interval 221: 0 1 2 3 4 5 6 7 8 9 10 11 12 13 14 15 16 17 18 19 20 21 22 23 25 27 28 29 30 31 32 33 34 35 36 38 39 43 46 47 50 
Interval 222: 0 1 2 3 4 5 6 7 8 9 10 11 12 13 14 15 16 17 18 19 20 21 22 23 24 25 26 27 28 29 30 31 32 33 34 35 36 37 38 39 40 41 43 44 46 48 49 50 
Interval 223: 0 1 2 3 4 5 6 7 8 9 10 11 12 13 14 15 16 17 18 19 20 21 22 23 24 25 26 27 28 29 31 32 33 34 35 36 37 38 41 42 43 45 46 47 49 50 
Interval 224: 0 1 2 3 4 5 6 7 8 9 10 11 12 13 14 15 16 17 18 19 20 21 22 23 24 25 26 27 28 29 31 33 35 36 37 38 39 40 41 43 44 45 46 48 49 50 
Interval 225: 0 1 2 3 4 5 6 7 8 9 10 11 12 13 14 15 16 17 18 19 20 21 22 25 26 27 28 29 30 31 32 33 34 35 36 37 38 39 40 42 44 45 50 
Interval 226: 0 1 2 3 4 5 6 7 8 9 10 11 12 13 14 15 16 17 18 19 20 21 22 23 24 26 27 28 29 30 31 32 34 35 36 37 39 41 43 44 46 47 49 50 
Interval 227: 0 1 2 3 4 5 6 7 8 9 10 11 12 13 14 15 16 17 18 19 21 22 23 24 26 27 29 30 32 33 34 35 36 37 38 42 43 44 45 47 48 49 
Interval 228: 0 1 2 3 4 5 6 7 8 9 10 11 12 13 14 15 16 17 19 20 21 22 23 24 25 26 27 28 29 30 31 32 33 34 35 38 39 41 42 44 45 47 48 49 
Interval 229: 0 1 2 3 4 5 6 7 8 9 10 11 12 13 14 15 16 17 18 19 20 21 22 23 24 26 27 28 29 30 31 32 33 34 35 36 37 38 39 40 41 42 44 45 48 49 
Interval 230: 0 1 2 3 4 5 6 7 8 9 10 11 12 13 14 15 16 17 18 19 20 22 23 24 25 26 27 28 29 30 32 33 34 35 36 37 38 39 44 45 46 47 48 49 
Interval 231: 0 1 2 3 4 5 6 7 8 9 10 11 12 13 14 15 16 17 18 19 21 22 23 24 25 26 27 28 29 30 31 32 34 35 36 37 38 39 42 43 44 48 49 
Interval 232: 0 1 2 3 4 5 6 7 8 9 10 11 12 13 14 15 16 17 18 19 21 22 23 24 26 27 28 29 30 31 32 33 34 35 36 37 38 42 43 44 46 47 48 49 
Interval 233: 0 1 2 3 4 5 6 7 8 9 10 11 12 13 14 15 16 17 18 19 20 21 22 23 24 25 26 27 28 29 30 31 32 33 34 35 36 37 38 39 40 43 44 45 46 47 48 49 
Interval 234: 0 1 2 3 4 5 6 7 8 9 10 11 12 13 14 15 16 17 18 19 20 21 23 24 25 26 27 28 29 30 31 32 33 34 35 36 37 38 39 40 41 42 43 46 48 
Interval 235: 0 1 2 3 4 5 6 7 8 9 10 11 12 13 14 15 16 17 18 19 20 21 22 23 24 26 27 28 29 31 32 33 34 35 36 37 38 40 41 42 44 45 46 47 48 
Interval 236: 0 1 2 3 4 5 6 7 8 9 10 11 12 13 14 15 16 17 18 19 20 21 22 23 24 25 26 27 28 31 32 33 35 36 37 38 39 45 46 47 48 
Interval 237: 0 1 2 3 4 5 6 7 8 9 10 11 12 13 14 15 16 17 19 21 22 23 24 25 27 29 30 32 33 34 35 38 43 44 46 47 48 
Interval 238: 0 1 2 3 4 5 6 7 8 9 10 11 12 13 14 15 16 17 18 19 20 21 22 23 24 25 26 27 28 29 30 31 33 35 36 37 38 41 42 43 44 48 
Interval 239: 0 1 2 3 4 5 6 7 8 9 10 11 12 13 14 15 16 17 18 19 21 22 23 24 25 26 27 28 30 31 32 33 34 35 36 37 38 39 42 45 47 48 
Interval 240: 0 1 2 3 4 5 6 7 8 9 10 11 12 13 14 15 16 17 18 19 21 22 23 24 25 26 27 29 30 32 33 34 35 36 38 39 42 43 44 46 47 
Interval 241: 0 1 2 3 4 5 6 7 8 9 10 11 12 13 14 15 16 17 18 19 20 21 22 23 25 26 27 28 29 30 31 32 34 35 37 38 39 40 41 42 43 45 46 47 
Interval 242: 0 1 2 3 4 5 6 7 8 9 10 11 12 13 14 15 16 17 18 19 20 21 22 23 24 26 27 28 29 30 31 32 33 37 38 39 41 42 45 47 
Interval 243: 0 1 2 3 4 5 6 7 8 9 10 11 12 13 14 15 16 17 18 19 20 21 22 23 24 25 26 27 28 29 30 31 32 33 35 36 37 38 41 43 44 45 46 47 
Interval 244: 0 1 2 3 4 5 6 7 8 9 10 12 13 14 15 16 17 18 19 20 24 25 26 27 28 29 30 31 32 33 34 35 36 38 39 47 
Interval 245: 0 1 2 3 4 5 6 7 8 9 10 11 12 13 14 15 16 17 18 19 20 22 23 24 25 26 27 28 29 31 32 33 34 36 37 38 40 41 44 45 46 47 
Interval 246: 0 1 2 3 4 5 6 7 8 9 10 11 12 13 14 15 16 17 19 20 21 22 23 24 26 27 29 30 31 32 33 34 35 38 40 42 44 46 47 
Interval 247: 0 1 2 3 4 5 6 7 8 9 10 11 12 13 14 15 16 17 18 19 20 21 22 23 24 25 26 27 28 29 30 31 32 33 35 36 38 40 42 43 45 46 
Interval 248: 0 1 2 3 4 5 6 7 8 9 10 11 12 13 14 15 16 17 18 19 20 21 22 23 24 26 27 28 29 30 31 33 34 36 38 40 42 43 44 45 46 
Interval 249: 0 1 2 3 4 5 6 7 8 9 10 11 12 13 14 15 16 17 18 19 20 21 22 23 24 25 26 28 29 32 33 34 35 36 37 38 39 40 41 42 43 44 45 46 
Interval 250: 0 1 2 3 4 5 6 7 8 9 10 11 12 13 14 15 16 17 18 19 20 21 22 23 25 27 28 30 31 32 33 34 35 36 37 38 39 41 42 44 45 46 
Interval 251: 0 1 2 3 4 5 6 7 8 9 10 11 12 13 14 15 16 17 18 19 20 21 22 23 25 26 27 28 29 30 31 32 33 34 36 39 41 42 44 45 46 
Interval 252: 0 1 2 3 4 5 6 7 8 9 10 11 12 13 14 15 16 17 18 19 20 21 22 23 24 25 26 28 29 31 33 35 36 37 38 39 40 41 42 43 44 45 46 
Interval 253: 0 1 2 3 4 5 6 7 8 9 10 11 12 13 14 15 16 17 18 19 20 21 22 23 24 25 26 27 28 29 30 31 32 34 35 36 37 38 43 44 45 
Interval 254: 0 1 2 3 4 5 6 7 8 9 10 11 12 13 14 15 16 17 18 19 20 21 22 23 25 26 27 28 30 31 32 33 34 35 38 39 40 43 44 45 
Interval 255: 0 1 2 3 4 5 6 7 8 9 10 11 12 13 14 15 16 17 18 19 20 21 23 24 25 26 27 28 29 31 32 33 34 35 36 37 38 39 40 41 42 43 45 
Interval 256: 0 1 2 3 4 5 6 7 8 9 10 11 12 13 14 15 16 17 18 19 20 21 22 23 24 25 26 27 28 29 30 32 33 35 36 37 38 40 43 45 
Interval 257: 0 1 2 3 4 5 6 7 8 9 10 11 12 13 14 15 16 17 18 19 20 21 22 23 24 25 26 29 30 31 32 33 35 36 37 38 39 40 41 42 44 45 
Interval 258: 0 1 2 3 4 5 6 7 8 9 10 11 12 13 14 15 16 17 18 20 21 22 23 25 27 28 29 30 31 32 33 35 36 37 40 42 43 44 45 
Interval 259: 0 1 2 3 4 5 6 7 8 9 10 12 13 14 15 16 17 18 19 20 21 24 25 26 27 28 29 30 31 32 33 34 36 37 39 40 43 44 45 
Interval 260: 0 1 2 3 4 5 6 7 8 9 10 11 12 13 14 15 16 17 18 19 20 23 24 25 26 27 28 29 30 31 32 33 34 35 36 37 39 40 44 
Interval 261: 0 1 2 3 4 5 6 7 8 9 10 11 12 13 14 15 16 17 18 19 21 22 23 24 25 26 27 28 30 31 32 33 34 36 37 38 39 42 43 44 
Interval 262: 0 1 2 3 4 5 6 7 8 9 10 11 12 13 14 15 16 17 18 19 20 21 23 24 25 26 27 28 29 30 31 32 33 34 36 37 40 41 43 44 
Interval 263: 0 1 2 3 4 5 6 7 8 9 10 11 12 13 14 15 16 17 18 19 20 21 23 24 25 26 27 28 29 30 31 32 33 34 35 36 37 39 41 42 44 
Interval 264: 0 1 2 3 4 5 6 7 8 9 10 11 12 13 14 15 16 17 18 19 20 21 23 24 25 26 27 28 29 30 31 32 33 34 35 36 38 39 41 42 44 
Interval 265: 0 1 2 3 4 5 6 7 8 9 10 11 12 13 14 15 16 17 18 19 20 21 22 23 24 25 27 28 29 30 31 32 34 35 37 39 40 43 44 
Interval 266: 0 1 2 3 4 5 6 7 8 9 10 11 12 13 14 15 16 17 18 20 21 22 23 24 25 26 27 29 30 31 32 33 34 35 36 37 41 42 43 
Interval 267: 0 1 2 3 4 5 6 7 8 9 10 11 12 13 14 15 16 17 18 19 20 22 23 25 26 27 28 29 30 31 32 33 35 36 37 39 40 41 43 
Interval 268: 0 1 2 3 4 5 6 7 8 9 10 11 12 13 14 15 16 17 18 19 20 21 22 23 24 26 27 28 29 30 31 32 33 34 35 37 39 40 41 42 43 
Interval 269: 0 1 2 3 4 5 6 7 8 9 10 11 12 13 14 15 16 17 18 20 21 22 23 24 25 27 29 30 32 33 34 35 36 37 40 41 43 
Interval 270: 0 1 2 3 4 5 6 7 8 9 10 11 12 13 14 15 16 17 18 19 20 21 22 23 25 26 27 28 29 31 32 33 34 35 37 38 40 41 42 43 
Interval 271: 0 1 2 3 4 5 6 7 8 9 10 11 12 13 14 15 16 17 18 19 20 21 22 23 24 26 27 28 29 30 31 33 34 35 37 38 39 42 43 
Interval 272: 0 1 2 3 4 5 6 7 8 9 10 11 12 13 14 15 16 17 18 19 20 21 22 23 24 25 26 27 28 29 31 34 36 37 38 39 40 41 42 43 
Interval 273: 0 1 2 3 4 5 6 7 8 9 10 11 12 13 14 15 16 17 18 19 20 22 23 24 25 26 27 29 30 32 33 34 36 38 42 
Interval 274: 0 1 2 3 4 5 6 7 8 9 10 11 12 13 14 15 16 17 18 19 20 21 22 23 24 26 27 28 29 30 31 33 34 35 36 37 38 39 40 41 42 
Interval 275: 0 1 2 3 4 5 6 7 8 9 10 11 12 13 14 15 16 17 18 19 20 21 22 23 24 25 26 27 28 29 30 31 32 33 35 36 37 38 40 42 
Interval 276: 0 1 2 3 4 5 6 7 8 9 10 11 12 13 14 15 16 17 18 19 21 22 23 24 25 26 28 29 31 32 33 34 35 36 37 38 39 42 
Interval 277: 0 1 2 3 4 5 6 7 8 9 10 11 12 13 14 15 16 17 18 19 20 21 22 23 24 26 27 28 29 30 31 32 35 37 38 39 40 42 
Interval 278: 0 1 2 3 4 5 6 7 8 9 10 11 12 13 14 15 16 17 18 19 20 21 22 23 24 25 26 27 28 31 32 33 35 36 37 38 39 41 42 
Interval 279: 0 1 2 3 4 5 6 7 8 9 10 11 12 13 14 15 16 17 18 19 20 23 24 25 26 27 28 30 31 32 33 35 37 38 39 41 
Interval 280: 0 1 2 3 4 5 6 7 8 9 10 11 12 13 14 15 16 17 18 19 20 21 22 23 24 25 26 27 28 29 30 31 32 34 35 38 41 
Interval 281: 0 1 2 3 4 5 6 7 8 9 10 11 12 13 14 15 16 17 18 20 21 22 23 24 25 26 28 29 31 32 33 36 37 40 41 
Interval 282: 0 1 2 3 4 5 6 7 8 9 10 11 12 13 14 15 16 17 18 19 20 21 22 23 24 25 26 27 28 29 30 31 32 35 38 40 41 
Interval 283: 0 1 2 3 4 5 6 7 8 9 10 11 12 13 14 15 16 17 18 19 20 22 24 25 26 29 30 31 32 33 34 35 36 37 38 39 40 41 
Interval 284: 0 1 2 3 4 5 6 7 8 9 10 11 12 13 14 15 16 17 18 19 20 21 22 25 26 27 28 29 30 31 32 33 35 36 37 38 41 
Interval 285: 0 1 2 3 4 5 6 7 8 9 10 11 12 13 14 15 16 17 18 19 20 21 22 23 25 26 27 28 29 30 33 34 35 37 38 39 40 41 
Interval 286: 0 1 2 3 4 5 6 7 8 9 10 11 12 13 14 15 16 17 18 19 20 21 22 23 24 25 27 29 30 31 32 33 34 37 39 40 
Interval 287: 0 1 2 3 4 5 6 7 8 9 10 11 12 13 14 15 16 17 18 19 20 21 22 23 24 25 26 27 29 30 31 32 36 37 38 39 40 
Interval 288: 0 1 2 3 4 5 6 7 8 9 10 11 12 13 14 15 16 17 18 20 21 22 23 24 25 26 27 28 29 31 32 33 34 35 37 40 
Interval 289: 0 1 2 3 4 5 6 7 8 9 10 11 12 13 14 15 16 17 18 19 20 21 22 23 24 25 26 27 28 29 32 33 34 35 36 37 38 40 
Interval 290: 0 1 2 3 4 5 6 7 8 9 10 11 12 13 14 15 16 17 18 19 20 21 22 23 24 25 27 28 30 31 32 33 34 35 38 40 
Interval 291: 0 1 2 3 4 5 6 7 8 9 10 11 12 13 14 16 17 18 19 20 21 22 23 24 25 26 27 28 29 33 35 36 37 38 39 40 
Interval 292: 0 1 2 3 4 5 6 7 8 9 10 11 12 13 14 15 16 17 18 19 20 21 22 23 24 27 29 31 32 33 34 35 36 37 38 39 
Interval 293: 0 1 2 3 4 5 6 7 8 9 10 11 12 13 14 15 16 17 18 19 20 21 22 23 24 25 26 27 28 29 31 32 33 34 36 37 38 39 
Interval 294: 0 1 2 3 4 5 6 7 8 9 10 11 12 13 14 15 16 17 18 19 20 21 23 24 25 26 27 28 29 30 31 32 33 34 35 36 38 39 
Interval 295: 0 1 2 3 4 5 6 7 8 9 10 11 12 13 14 15 16 17 18 19 20 21 22 23 24 25 26 27 28 29 30 31 32 33 34 36 37 39 
Interval 296: 0 1 2 3 4 5 6 7 8 9 10 11 12 13 14 15 16 17 18 19 21 22 23 24 25 26 27 29 31 32 33 34 36 37 38 39 
Interval 297: 0 1 2 3 4 5 6 7 8 9 10 11 12 13 14 15 16 17 19 20 21 22 23 24 25 26 27 29 30 31 32 33 34 38 39 
Interval 298: 0 1 2 3 4 5 6 7 8 9 10 11 12 13 14 15 16 17 19 20 21 23 24 25 26 27 28 29 30 31 32 33 34 35 38 
Interval 299: 0 1 2 3 4 5 6 7 8 9 10 11 12 13 14 15 16 17 18 19 20 21 22 23 24 25 27 28 29 30 31 32 33 34 35 37 38 
Interval 300: 0 1 2 3 4 5 6 7 8 9 10 11 12 13 14 15 16 17 18 19 20 21 22 23 24 25 26 27 28 29 30 31 33 35 36 37 38 
Interval 301: 0 1 2 3 4 5 6 7 8 9 10 11 12 13 14 15 16 17 18 19 20 21 22 23 24 25 26 27 28 30 31 32 33 35 37 38 
Interval 302: 0 1 2 3 4 5 6 7 8 9 10 11 12 13 14 15 16 17 18 19 20 21 23 24 25 26 27 28 29 30 31 33 35 37 38 
Interval 303: 0 1 2 3 4 5 6 7 8 9 10 11 12 13 14 15 16 17 18 20 21 22 24 25 26 28 29 30 31 32 34 35 37 38 
Interval 304: 0 1 2 3 4 5 6 7 8 9 10 11 12 13 14 15 16 18 19 20 21 22 23 25 27 28 29 30 31 32 33 37 38 
Interval 305: 0 1 2 3 4 5 6 7 8 9 10 11 12 13 14 15 16 17 18 19 20 21 22 23 24 25 26 27 28 29 30 31 32 33 35 36 37 
Interval 306: 0 1 2 3 4 5 6 7 8 9 10 11 12 13 14 15 16 17 18 19 20 23 24 25 26 27 29 30 31 32 33 34 35 36 37 
Interval 307: 0 1 2 3 4 5 6 7 8 9 10 11 12 13 14 15 16 17 19 20 21 22 23 25 26 27 29 30 33 34 37 
Interval 308: 0 1 2 3 4 5 6 7 8 9 10 11 12 13 14 15 16 17 18 19 20 21 22 23 26 27 28 29 31 32 33 34 35 36 37 
Interval 309: 0 1 2 3 4 5 6 7 8 9 10 11 12 13 14 15 17 18 19 20 21 22 23 24 25 26 27 28 29 30 31 35 37 
Interval 310: 0 1 2 3 4 5 6 7 8 9 10 11 12 13 14 15 16 17 18 19 20 21 22 23 24 25 26 27 28 29 30 31 32 34 35 36 37 
Interval 311: 0 1 2 3 4 5 6 7 8 9 10 11 12 13 14 15 16 18 19 20 21 22 23 24 25 27 28 29 32 33 36 
Interval 312: 0 1 2 3 4 5 6 7 8 9 10 11 12 13 14 15 16 17 18 19 20 21 22 23 24 25 26 28 29 30 32 33 34 36 
Interval 313: 0 1 2 3 4 5 6 7 8 9 10 11 12 13 14 15 16 17 18 19 20 21 22 23 24 26 27 28 30 31 32 33 34 36 
Interval 314: 0 1 2 3 4 5 6 7 8 9 10 11 12 13 14 15 16 17 18 19 20 21 22 23 24 25 26 27 28 29 30 31 32 33 34 35 36 
Interval 315: 0 1 2 3 4 5 6 7 8 9 10 11 12 13 14 15 16 18 19 20 21 22 23 24 25 26 27 28 29 31 32 33 36 
Interval 316: 0 1 2 3 4 5 6 7 8 9 10 11 12 13 14 15 16 17 18 19 20 21 22 23 24 25 26 27 28 29 30 31 34 35 36 
Interval 317: 0 1 2 3 4 5 6 7 8 9 10 11 12 13 14 15 16 17 18 19 20 21 22 23 24 25 26 28 29 30 31 35 
Interval 318: 0 1 2 3 4 5 6 7 8 9 10 11 12 13 14 15 16 17 18 19 20 21 22 23 24 26 27 29 30 31 32 33 34 35 
Interval 319: 0 1 2 3 4 5 6 7 8 9 10 11 12 13 14 15 16 17 18 19 20 21 22 23 25 26 27 28 30 31 33 34 35 
Interval 320: 0 1 2 3 4 5 6 7 8 9 10 11 12 13 14 15 16 17 19 20 21 22 24 25 27 28 29 30 31 32 34 35 
Interval 321: 0 1 2 3 4 5 6 7 8 9 10 11 12 13 14 15 16 17 18 19 20 21 22 24 25 26 27 28 29 31 32 33 35 
Interval 322: 0 1 2 3 4 5 6 7 8 9 10 11 12 13 14 15 16 17 18 19 20 22 23 24 25 26 27 29 30 31 32 34 35 
Interval 323: 0 1 2 3 4 5 6 7 8 9 10 11 12 13 14 15 16 17 18 19 20 22 23 24 25 26 27 28 30 33 34 35 
Interval 324: 0 1 2 3 4 5 6 7 8 9 10 11 12 13 14 15 16 17 18 19 20 21 22 23 24 25 26 27 28 29 30 31 32 34 
Interval 325: 0 1 2 3 4 5 6 7 8 9 10 11 12 13 14 15 16 17 18 19 20 21 22 24 26 27 28 29 30 31 32 34 
Interval 326: 0 1 2 3 4 5 6 7 8 9 10 11 12 13 14 15 16 17 18 19 20 21 22 23 24 25 26 27 28 29 30 31 32 34 
Interval 327: 0 1 2 3 4 5 6 7 8 9 10 11 12 13 14 15 16 17 18 19 20 21 22 23 24 25 26 27 28 29 31 34 
Interval 328: 0 1 2 3 4 5 6 7 8 9 10 11 12 13 14 15 16 17 18 19 20 21 22 23 24 25 26 27 28 29 31 32 33 34 
Interval 329: 0 1 2 3 4 5 6 7 8 9 10 11 12 13 14 15 16 17 18 19 20 21 22 23 24 25 26 27 28 30 31 32 33 34 
Interval 330: 0 1 2 3 4 5 6 7 8 9 10 11 12 13 14 15 16 17 18 19 20 21 22 23 24 25 27 28 29 30 32 33 
Interval 331: 0 1 2 3 4 5 6 7 8 9 10 11 12 13 14 15 16 18 19 20 21 22 23 25 26 28 29 30 32 33 
Interval 332: 0 1 2 3 4 5 6 7 8 9 10 11 12 13 14 15 16 17 18 20 21 22 23 24 25 26 28 29 30 31 33 
Interval 333: 0 1 2 3 4 5 6 7 8 9 10 11 12 13 14 15 16 17 18 19 20 21 22 23 24 25 26 28 29 30 31 32 33 
Interval 334: 0 1 2 3 4 5 6 7 8 9 10 11 12 13 14 15 16 17 18 19 20 21 22 23 24 25 26 28 29 31 33 
Interval 335: 0 1 2 3 4 5 6 7 8 9 10 11 12 13 14 15 16 18 19 20 21 22 23 24 25 26 27 28 30 31 32 33 
Interval 336: 0 1 2 3 4 5 6 7 8 9 10 11 12 13 14 15 16 17 18 19 20 21 22 23 24 25 27 28 29 30 31 32 
Interval 337: 0 1 2 3 4 5 6 7 8 9 10 11 12 13 14 15 16 17 18 19 20 21 22 23 24 25 26 27 29 30 31 32 
Interval 338: 0 1 2 3 4 5 6 7 8 9 10 11 12 13 14 15 16 17 18 19 20 21 22 23 24 25 26 27 29 31 32 
Interval 339: 0 1 2 3 4 5 6 7 8 9 10 11 12 13 14 15 16 17 18 19 20 22 23 24 25 26 27 28 30 32 
Interval 340: 0 1 2 3 4 5 6 7 8 9 10 11 12 13 14 15 17 18 19 20 21 22 23 24 25 26 27 28 29 30 31 32 
Interval 341: 0 1 2 3 4 5 6 7 8 9 10 11 12 13 14 15 16 17 18 19 20 21 22 23 24 25 26 27 28 29 31 32 
Interval 342: 0 1 2 3 4 5 6 7 8 9 10 11 12 13 14 15 16 17 18 19 21 24 25 26 27 28 29 30 31 
Interval 343: 0 1 2 3 4 5 6 7 8 9 10 11 12 13 14 15 16 18 19 20 21 22 23 24 25 26 29 30 31 
Interval 344: 0 1 2 3 4 5 6 7 8 9 10 11 12 13 14 15 16 18 19 20 21 22 23 24 25 26 27 28 29 31 
Interval 345: 0 1 2 3 4 5 6 7 8 9 10 11 12 13 14 15 17 18 19 20 21 23 24 25 26 28 29 30 31 
Interval 346: 0 1 2 3 4 5 6 7 8 9 10 11 12 13 14 15 16 17 18 19 20 21 22 23 24 26 27 28 29 30 31 
Interval 347: 0 1 2 3 4 5 6 7 8 9 10 11 12 13 14 15 16 17 18 19 20 21 22 23 24 25 26 28 29 30 31 
Interval 348: 0 1 2 3 4 5 6 7 8 9 10 11 12 13 14 15 16 17 18 19 20 22 23 24 25 26 27 28 29 30 
Interval 349: 0 1 2 3 4 5 6 7 8 9 10 11 12 13 14 15 16 17 18 19 20 21 22 23 24 25 26 27 28 29 30 
Interval 350: 0 1 2 3 4 5 6 7 8 9 10 11 12 13 14 15 16 17 18 19 20 22 23 26 27 28 29 30 
Interval 351: 0 1 2 3 4 5 6 7 8 9 10 11 12 13 14 15 16 17 18 19 20 21 22 24 25 26 27 28 30 
Interval 352: 0 1 2 3 4 5 6 7 8 9 10 11 12 13 14 15 16 17 18 19 20 21 22 23 24 25 26 27 28 29 30 
Interval 353: 0 1 2 3 4 5 6 7 8 9 10 11 12 13 14 15 16 17 18 19 20 21 22 23 24 27 28 29 30 
Interval 354: 0 1 2 3 4 5 6 7 8 9 10 11 12 13 14 15 16 18 19 20 21 22 23 24 25 26 28 29 30 
Interval 355: 0 1 2 3 4 5 6 7 8 9 10 11 12 13 14 15 16 18 19 20 22 23 24 25 26 27 28 29 
Interval 356: 0 1 2 3 4 5 6 7 8 9 10 11 12 13 14 15 16 17 18 19 20 21 22 23 24 25 26 27 28 29 
Interval 357: 0 1 2 3 4 5 6 7 8 9 10 11 12 13 14 15 16 17 18 19 20 21 22 23 24 25 26 27 28 29 
Interval 358: 0 1 2 3 4 5 6 7 8 9 10 11 12 13 14 15 16 17 18 19 20 21 22 23 24 25 26 27 29 
Interval 359: 0 1 2 3 4 5 6 7 8 9 10 11 12 13 14 15 16 17 18 19 20 21 22 23 24 25 26 28 29 
Interval 360: 0 1 2 3 4 5 6 7 8 9 10 11 12 13 14 15 16 17 18 19 20 21 22 23 24 25 26 27 28 29 
Interval 361: 0 1 2 3 4 5 6 7 8 9 10 11 12 13 14 15 16 17 18 19 20 21 22 23 24 26 27 28 
Interval 362: 0 1 2 3 4 5 6 7 8 9 10 11 12 13 14 15 16 17 18 19 20 21 22 23 24 25 26 27 28 
Interval 363: 0 1 2 3 4 5 6 7 8 9 10 11 12 13 14 15 16 17 18 19 20 21 22 23 24 25 26 28 
Interval 364: 0 1 2 3 4 5 6 7 8 9 10 11 12 13 14 15 16 17 19 20 21 22 23 25 26 27 28 
Interval 365: 0 1 2 3 4 5 6 7 8 9 10 11 12 13 14 15 16 17 18 19 20 21 22 23 24 25 27 28 
Interval 366: 0 1 2 3 4 5 6 7 8 9 10 11 12 13 14 15 16 17 18 19 20 21 22 23 24 25 26 27 28 
Interval 367: 0 1 2 3 4 5 6 7 8 9 10 11 12 13 14 15 16 17 18 19 20 21 22 23 24 25 26 27 
Interval 368: 0 1 2 3 4 5 6 7 8 9 10 11 12 13 14 15 16 17 18 19 20 21 22 23 24 25 26 27 
Interval 369: 0 1 2 3 4 5 6 7 8 9 10 11 12 13 14 15 16 17 18 19 20 21 22 23 24 25 26 27 
Interval 370: 0 1 2 3 4 5 6 7 8 9 10 11 12 13 14 15 16 17 18 19 20 21 22 23 24 25 26 27 
Interval 371: 0 1 2 3 4 5 6 7 8 9 10 11 12 13 14 15 16 18 19 20 21 22 23 24 25 26 27 
Interval 372: 0 1 2 3 4 5 6 7 8 9 10 11 12 13 14 15 16 17 18 19 20 21 23 24 25 26 27 
Interval 373: 0 1 2 3 4 5 6 7 8 9 10 11 12 13 14 15 16 17 18 19 20 21 23 24 26 
Interval 374: 0 1 2 3 4 5 6 7 8 9 10 11 12 13 14 15 16 17 18 19 20 21 22 23 24 25 26 
Interval 375: 0 1 2 3 4 5 6 7 8 9 10 11 12 13 14 15 16 17 18 19 20 21 22 23 24 25 26 
Interval 376: 0 1 2 3 4 5 6 7 8 9 10 11 12 13 14 15 16 17 18 19 20 21 22 23 24 25 26 
Interval 377: 0 1 2 3 4 5 6 7 8 9 10 11 12 13 14 15 16 17 18 19 20 21 22 23 24 25 26 
Interval 378: 0 1 2 3 4 5 6 7 8 9 10 11 12 13 14 15 16 18 19 20 21 22 23 24 25 26 
Interval 379: 0 1 2 3 4 5 6 7 8 9 10 11 12 13 14 15 16 17 18 19 20 21 23 24 25 
Interval 380: 0 1 2 3 4 5 6 7 8 9 10 11 12 13 14 15 16 17 18 19 20 21 22 23 24 25 
Interval 381: 0 1 2 3 4 5 6 7 8 9 10 11 12 13 14 15 16 18 19 20 21 22 24 25 
Interval 382: 0 1 2 3 4 5 6 7 8 9 10 11 12 13 14 15 16 17 18 19 20 21 22 23 25 
Interval 383: 0 1 2 3 4 5 6 7 8 9 10 11 12 13 14 15 16 17 18 19 20 22 24 25 
Interval 384: 0 1 2 3 4 5 6 7 8 9 10 11 12 13 14 15 16 17 18 19 20 21 22 23 24 25 
Interval 385: 0 1 2 3 4 5 6 7 8 9 10 11 12 13 14 15 16 17 18 19 20 21 22 23 24 
Interval 386: 0 1 2 3 4 5 6 7 8 9 10 11 12 13 14 15 16 17 18 20 21 22 23 24 
Interval 387: 0 1 2 3 4 5 6 7 8 9 10 11 12 13 14 15 17 18 19 20 21 22 23 24 
Interval 388: 0 1 2 3 4 5 6 7 8 9 10 11 12 13 14 15 16 17 18 19 20 21 22 23 24 
Interval 389: 0 1 2 3 4 5 6 7 8 9 10 11 12 13 14 15 16 17 18 20 21 22 23 24 
Interval 390: 0 1 2 3 4 5 6 7 8 9 10 11 12 13 14 15 16 17 18 19 20 21 22 23 24 
Interval 391: 0 1 2 3 4 5 6 7 8 9 10 11 12 13 14 15 16 17 18 19 20 21 22 23 
Interval 392: 0 1 2 3 4 5 6 7 8 9 10 11 12 13 14 15 16 17 18 19 21 22 23 
Interval 393: 0 1 2 3 4 5 6 7 8 9 10 11 12 13 14 15 16 17 18 19 20 21 22 23 
Interval 394: 0 1 2 3 4 5 6 7 8 9 10 11 12 13 14 15 16 17 18 19 20 21 22 23 
Interval 395: 0 1 2 3 4 5 6 7 8 9 10 11 12 13 14 15 16 17 18 19 20 21 22 23 
Interval 396: 0 1 2 3 4 5 6 7 8 9 10 11 12 13 14 15 16 17 18 19 20 21 22 23 
Interval 397: 0 1 2 3 4 5 6 7 8 9 10 11 12 13 14 15 16 17 18 19 20 22 
Interval 398: 0 1 2 3 4 5 6 7 8 9 10 11 12 14 15 16 17 18 19 20 21 22 
Interval 399: 0 1 2 3 4 5 6 7 8 9 10 11 13 14 15 16 17 18 19 20 21 22 
Interval 400: 0 1 2 3 4 5 6 7 8 9 10 11 12 13 14 15 16 17 18 19 21 22 
Interval 401: 0 1 2 3 4 5 6 7 8 9 10 11 12 13 14 15 17 18 19 20 21 22 
Interval 402: 0 1 2 3 4 5 6 7 8 9 10 11 12 13 14 15 16 17 18 19 20 21 22 
Interval 403: 0 1 2 3 4 5 6 7 8 9 10 11 12 13 14 15 16 17 18 19 20 21 
Interval 404: 0 1 2 3 4 5 6 7 8 9 10 11 12 13 14 15 16 17 18 19 20 21 
Interval 405: 0 1 2 3 4 5 6 7 8 9 10 11 12 14 15 16 17 18 19 20 21 
Interval 406: 0 1 2 3 4 5 6 7 8 9 10 11 12 13 14 15 16 17 18 19 20 21 
Interval 407: 0 1 2 3 4 5 6 7 8 9 10 11 12 13 14 15 16 17 18 19 20 21 
Interval 408: 0 1 2 3 4 5 6 7 8 9 10 11 12 13 14 15 16 17 18 19 20 21 
Interval 409: 0 1 2 3 4 5 6 7 8 9 10 11 12 13 14 16 17 18 19 20 
Interval 410: 0 1 2 3 4 5 6 7 8 9 10 11 12 13 14 15 16 17 18 19 20 
Interval 411: 0 1 2 3 4 5 6 7 8 9 10 11 12 13 14 15 16 17 18 19 20 
Interval 412: 0 1 2 3 4 5 6 7 8 9 10 11 12 13 14 15 16 17 18 19 20 
Interval 413: 0 1 2 3 4 5 6 7 8 9 10 11 12 13 14 15 16 17 18 19 20 
Interval 414: 0 1 2 3 4 5 6 7 8 9 10 11 12 13 14 15 16 17 18 19 20 
Interval 415: 0 1 2 3 4 5 6 7 8 9 10 11 12 13 14 15 17 18 19 
Interval 416: 0 1 2 3 4 5 6 7 8 9 10 11 12 13 14 15 16 17 18 19 
Interval 417: 0 1 2 3 4 5 6 7 8 9 10 11 12 13 14 15 16 17 18 19 
Interval 418: 0 1 2 3 4 5 6 7 8 9 10 11 12 13 14 15 16 17 18 19 
Interval 419: 0 1 2 3 4 5 6 7 8 9 10 11 12 13 14 15 16 17 18 19 
Interval 420: 0 1 2 3 4 5 6 7 8 9 10 11 12 13 14 15 16 17 18 19 
Interval 421: 0 1 2 3 4 5 6 7 8 9 10 11 12 13 14 15 16 17 18 
Interval 422: 0 1 2 3 4 5 6 7 8 10 11 12 13 14 15 16 17 18 
Interval 423: 0 1 2 3 4 5 6 7 8 9 10 11 12 13 14 15 16 17 18 
Interval 424: 0 1 2 3 4 5 6 7 8 9 10 11 12 13 14 15 16 17 18 
Interval 425: 0 1 2 3 4 5 6 7 8 9 10 11 12 13 14 15 16 17 18 
Interval 426: 0 1 2 3 4 5 6 7 8 9 10 11 12 13 14 15 16 17 18 
Interval 427: 0 1 2 3 4 5 6 7 8 9 10 11 12 13 14 15 16 17 
Interval 428: 0 1 2 3 4 5 6 7 8 9 10 11 12 13 14 15 16 17 
Interval 429: 0 1 2 3 4 5 6 7 8 9 10 11 12 13 14 15 16 17 
Interval 430: 0 1 2 3 4 5 6 7 8 9 10 11 12 13 14 15 16 17 
Interval 431: 0 1 2 3 4 5 6 7 8 9 10 11 12 13 14 15 16 17 
Interval 432: 0 1 2 3 4 5 6 7 8 9 10 11 12 13 14 15 16 
Interval 433: 0 1 2 3 4 5 6 7 8 9 10 11 12 13 14 15 16 
Interval 434: 0 1 2 3 4 5 6 7 8 9 10 11 12 13 14 15 16 
Interval 435: 0 1 2 3 4 5 6 7 8 9 10 11 12 13 14 15 16 
Interval 436: 0 1 2 3 4 5 6 7 8 9 10 11 12 13 14 15 16 
Interval 437: 0 1 2 3 4 5 6 7 8 9 10 11 12 13 14 15 16 
Interval 438: 0 1 2 3 4 5 6 7 8 9 10 11 12 13 14 15 
Interval 439: 0 1 2 3 4 5 6 7 8 9 10 11 12 13 14 15 
Interval 440: 0 1 2 3 4 5 6 7 8 9 10 11 12 13 14 15 
Interval 441: 0 1 2 3 4 5 6 7 8 9 10 11 12 13 14 15 
Interval 442: 0 1 2 3 4 5 6 7 8 9 10 11 12 13 14 15 
Interval 443: 0 1 2 3 4 5 6 7 8 9 10 11 12 13 14 15 
Interval 444: 0 1 2 3 4 5 6 7 8 9 10 11 12 13 14 
Interval 445: 0 1 2 3 4 5 6 7 8 9 10 11 12 13 14 
Interval 446: 0 1 2 3 4 5 6 7 8 9 10 11 12 13 14 
Interval 447: 0 1 2 3 4 5 6 7 8 9 10 11 12 13 14 
Interval 448: 0 1 2 3 4 5 6 7 8 9 10 11 12 13 14 
Interval 449: 0 1 2 3 4 5 6 7 8 9 10 11 12 13 
Interval 450: 0 1 2 3 4 5 6 7 8 9 10 11 13 
Interval 451: 0 1 2 3 4 5 6 7 8 9 10 11 12 13 
Interval 452: 0 1 2 3 4 5 6 7 8 9 10 11 12 13 
Interval 453: 0 1 2 3 4 5 6 7 8 9 10 11 12 13 
Interval 454: 0 1 2 3 4 5 6 7 8 9 10 11 12 13 
Interval 455: 0 1 2 3 4 5 6 7 8 9 10 11 12 
Interval 456: 0 1 2 3 4 5 6 7 8 9 10 11 12 
Interval 457: 0 1 2 3 4 5 6 7 8 9 10 11 12 
Interval 458: 0 1 2 3 4 5 6 7 8 9 11 12 
Interval 459: 0 1 2 3 4 5 6 7 8 9 10 11 12 
Interval 460: 0 1 2 3 4 5 6 7 8 9 10 11 
Interval 461: 0 1 2 3 4 5 6 7 8 9 10 11 
Interval 462: 0 1 2 3 4 5 6 7 8 9 10 11 
Interval 463: 0 1 2 3 4 5 6 7 8 9 10 11 
Interval 464: 0 1 2 3 4 5 6 7 8 9 10 11 
Interval 465: 0 1 2 3 4 5 6 7 8 9 10 11 
Interval 466: 0 1 2 3 4 5 6 7 8 9 10 
Interval 467: 0 1 2 3 4 5 6 7 8 9 10 
Interval 468: 0 1 2 3 4 5 6 7 8 9 10 
Interval 469: 0 1 2 3 4 5 6 7 8 9 10 
Interval 470: 0 1 2 3 4 5 6 7 8 9 10 
Interval 471: 0 1 2 3 4 5 6 7 8 9 
Interval 472: 0 1 2 3 4 5 6 7 8 9 
Interval 473: 0 1 2 3 4 5 6 7 8 9 
Interval 474: 0 1 2 3 4 5 6 7 8 9 
Interval 475: 0 1 2 3 4 5 6 7 8 9 
Interval 476: 0 1 2 3 4 5 6 7 8 9 
Interval 477: 0 1 2 3 4 5 6 7 8 
Interval 478: 0 1 2 3 4 5 6 7 8 
Interval 479: 0 1 2 3 4 5 6 7 8 
Interval 480: 0 1 2 3 4 5 6 7 8 
Interval 481: 0 1 2 3 4 5 6 7 8 
Interval 482: 0 1 2 3 4 5 6 7 
Interval 483: 0 1 2 3 4 5 6 7 
Interval 484: 0 1 2 3 4 5 6 7 
Interval 485: 0 1 2 3 4 5 6 7 
Interval 486: 0 1 2 3 4 5 6 7 
Interval 487: 0 1 2 3 4 5 6 
Interval 488: 0 1 2 3 4 5 6 
Interval 489: 0 1 2 3 4 5 6 
Interval 490: 0 1 2 3 4 5 6 
Interval 491: 0 1 2 3 4 5 6 
Interval 492: 0 1 2 3 4 5 
Interval 493: 0 1 2 3 4 5 
Interval 494: 0 1 2 3 4 5 
Interval 495: 0 1 2 3 4 5 
Interval 496: 0 1 2 3 4 5 
Interval 497: 0 1 2 3 4 
Interval 498: 0 1 2 3 4 
Interval 499: 0 1 2 3 4 
Interval 500: 0 1 2 3 4 
Interval 501: 0 1 2 3 4 
Interval 502: 0 1 2 3 
Interval 503: 0 1 2 3 
Interval 504: 0 1 2 3 
Interval 505: 0 1 2 3 
Interval 506: 0 1 2 
Interval 507: 0 1 2 
Interval 508: 0 1 2 
Interval 509: 0 1 2 
Interval 510: 0 1 2 
Interval 511: 0 1 
Interval 512: 0 1 
Interval 513: 0 1 
Interval 514: 0 1 
Interval 515: 0 
Interval 516: 0 
