Interval 1: 0 1 2 3 4 5 6 7 8 9 10 11 12 13 14 15 16 17 18 19 20 21 22 23 24 25 26 27 28 29 30 31 
Interval 2: 31 32 33 34 35 36 37 38 39 40 41 42 43 44 45 46 47 48 49 50 51 52 53 54 55 56 57 58 59 60 61 62 63 
Interval 3: 0 1 2 3 4 5 63 64 65 66 67 68 69 70 71 72 73 74 75 76 77 78 
Interval 4: 3 4 5 6 7 8 9 10 11 12 13 14 
Interval 5: 8 9 10 11 12 13 14 15 16 17 18 19 20 21 22 23 
Interval 6: 14 15 16 17 18 19 20 23 24 25 26 27 28 29 30 31 32 
Interval 7: 20 21 22 23 24 25 32 33 34 35 36 37 38 39 40 41 
Interval 8: 25 26 27 28 29 30 31 41 42 43 44 45 46 47 48 49 50 51 
Interval 9: 31 32 33 34 35 36 37 51 52 53 54 55 56 57 58 59 60 
Interval 10: 37 38 39 40 41 42 43 60 61 62 63 64 65 66 67 68 69 
Interval 11: 43 44 45 46 47 48 69 70 71 72 73 74 75 76 77 78 
Interval 12: 48 49 50 51 52 53 54 55 56 57 
Interval 13: 54 55 56 57 58 59 60 61 62 63 64 65 66 
Interval 14: 60 61 62 63 64 65 66 67 68 69 70 71 72 73 74 
Interval 15: 66 67 68 69 70 71 72 73 74 75 76 77 78 
Interval 16: 71 72 73 74 75 76 77 78 
Interval 17: 75 76 77 78 
Interval 18: 75 76 77 
Interval 19: 75 76 
Interval 20: 72 73 74 75 
Interval 21: 72 73 74 75 
Interval 22: 72 73 
Interval 23: 68 69 70 71 72 
Interval 24: 68 69 70 71 
Interval 25: 68 69 70 71 
Interval 26: 68 69 70 
Interval 27: 48 49 50 51 52 53 54 55 56 57 68 69 
Interval 28: 50 51 52 53 54 55 56 57 58 59 60 61 62 63 64 65 66 67 68 
Interval 29: 53 54 55 56 57 58 59 60 61 62 63 64 65 66 67 68 
Interval 30: 58 59 60 61 62 63 64 65 66 67 68 
Interval 31: 63 64 65 66 67 68 
Interval 32: 66 67 68 
Interval 33: 60 61 62 63 64 65 66 
Interval 34: 60 61 62 63 65 66 
Interval 35: 60 61 62 63 64 65 
Interval 36: 60 61 62 63 64 65 
Interval 37: 63 64 65 
Interval 38: 63 64 
Interval 39: 60 61 62 63 
Interval 40: 60 61 62 
Interval 41: 56 57 58 60 61 
Interval 42: 57 58 59 60 
Interval 43: 59 60 
Interval 44: 57 58 59 
Interval 45: 56 57 58 
Interval 46: 51 52 53 54 55 56 57 
Interval 47: 55 56 
Interval 48: 52 53 54 55 
Interval 49: 52 53 54 
Interval 50: 51 52 53 
Interval 51: 48 49 50 51 52 
Interval 52: 50 51 
Interval 53: 48 49 50 
Interval 54: 48 49 
Interval 55: 0 1 2 3 4 5 6 48 
Interval 56: 5 6 7 8 9 10 11 12 13 
Interval 57: 11 12 13 14 15 16 17 18 19 20 
Interval 58: 18 19 20 21 22 23 24 25 26 27 
Interval 59: 24 25 26 27 28 29 30 31 32 33 
Interval 60: 30 31 32 33 34 35 36 37 38 39 40 
Interval 61: 36 37 38 39 40 41 42 43 44 45 46 47 
Interval 62: 43 44 45 46 47 48 
Interval 63: 43 44 45 46 47 48 
Interval 64: 43 44 45 46 47 
Interval 65: 44 45 46 47 
Interval 66: 44 45 
Interval 67: 43 44 45 
Interval 68: 0 1 2 3 4 5 6 7 8 9 10 11 12 13 15 16 17 18 19 20 43 44 
Interval 69: 0 1 2 21 22 23 24 25 27 28 29 30 32 33 34 35 36 37 38 39 42 43 
Interval 70: 1 2 3 4 5 6 7 8 9 10 11 12 
Interval 71: 7 8 9 10 11 12 13 14 15 16 17 18 19 20 21 22 
Interval 72: 12 13 14 15 16 17 18 22 23 24 25 26 27 28 29 30 31 32 33 
Interval 73: 18 19 20 21 22 23 33 34 35 36 37 38 39 40 41 42 43 
Interval 74: 23 24 25 26 27 28 29 30 31 32 43 
Interval 75: 29 30 31 32 33 34 35 36 37 38 39 40 41 
Interval 76: 35 36 37 38 39 40 41 42 43 
Interval 77: 40 41 42 43 
Interval 78: 41 42 43 
Interval 79: 39 40 41 42 
Interval 80: 39 40 41 
Interval 81: 37 38 39 40 
Interval 82: 37 38 39 
Interval 83: 24 25 37 38 
Interval 84: 24 25 26 27 28 29 30 31 32 33 
Interval 85: 30 31 32 33 34 35 36 37 
Interval 86: 34 35 36 37 
Interval 87: 35 36 
Interval 88: 33 34 35 
Interval 89: 24 25 26 27 28 29 33 34 
Interval 90: 28 29 30 31 32 33 
Interval 91: 24 25 26 27 28 29 30 33 
Interval 92: 28 29 30 31 32 33 
Interval 93: 31 32 
Interval 94: 24 25 26 27 28 29 30 31 
Interval 95: 28 29 30 31 
Interval 96: 29 30 31 
Interval 97: 28 29 
Interval 98: 24 25 26 27 28 29 
Interval 99: 24 25 26 27 28 
Interval 100: 25 26 27 
Interval 101: 25 26 27 
Interval 102: 24 25 26 
Interval 103: 0 1 2 3 4 5 6 7 24 
Interval 104: 1 2 3 4 5 7 8 9 10 11 12 13 14 15 16 17 18 19 20 21 22 23 
Interval 105: 5 6 7 8 9 10 11 12 13 14 15 
Interval 106: 10 11 12 13 14 15 16 17 18 19 20 21 22 23 
Interval 107: 16 17 18 19 20 21 22 23 
Interval 108: 20 21 22 23 
Interval 109: 20 21 22 23 
Interval 110: 21 22 
Interval 111: 19 20 21 
Interval 112: 15 16 17 18 19 20 
Interval 113: 17 18 19 
Interval 114: 16 17 18 
Interval 115: 16 17 
Interval 116: 3 4 5 6 7 15 16 
Interval 117: 6 7 8 9 10 11 12 13 14 15 
Interval 118: 12 13 14 15 
Interval 119: 12 13 14 
Interval 120: 12 13 
Interval 121: 3 4 5 6 7 8 9 10 12 
Interval 122: 8 9 10 11 12 
Interval 123: 9 10 11 
Interval 124: 3 4 5 6 9 10 
Interval 125: 5 6 7 8 9 
Interval 126: 8 9 
Interval 127: 3 4 5 6 7 8 
Interval 128: 5 6 7 
Interval 129: 5 6 7 
Interval 130: 3 4 5 
Interval 131: 0 1 2 3 4 
Interval 132: 0 1 2 3 
Interval 133: 0 1 2 
Interval 134: 0 1 2 
