Interval 1: 0 1 2 3 4 5 6 7 8 9 10 11 12 13 14 15 16 17 18 19 20 21 22 23 24 25 26 27 28 29 30 31 32 33 34 35 36 37 38 39 40 41 42 43 44 45 46 47 48 49 50 51 52 53 54 55 56 57 58 59 60 61 62 63 
Interval 2: 0 1 2 3 4 5 6 7 8 9 10 11 12 13 14 63 64 65 66 67 68 69 70 71 72 73 74 75 76 77 78 
Interval 3: 8 9 10 11 12 13 14 15 16 17 18 19 20 21 22 23 24 25 26 27 28 29 30 31 32 
Interval 4: 20 21 22 23 24 25 26 27 28 29 30 31 32 33 34 35 36 37 38 39 40 41 42 43 44 45 46 47 48 49 50 51 
Interval 5: 31 32 33 34 35 36 37 38 39 40 41 42 43 51 52 53 54 55 56 57 58 59 60 61 62 63 64 65 66 67 68 69 
Interval 6: 43 44 45 46 47 48 49 50 51 52 53 54 55 56 57 69 70 71 72 73 74 75 76 77 78 
Interval 7: 54 55 56 57 58 59 60 61 62 63 64 65 66 67 68 69 70 71 72 73 74 
Interval 8: 66 67 68 69 70 71 72 73 74 75 76 77 78 
Interval 9: 75 76 77 78 
Interval 10: 72 73 74 75 76 
Interval 11: 72 73 74 75 
Interval 12: 68 69 70 71 72 
Interval 13: 68 69 70 71 
Interval 14: 48 49 50 51 52 53 54 55 56 57 58 59 60 61 62 63 64 65 66 67 68 69 
Interval 15: 53 54 55 56 57 58 59 60 61 62 63 64 65 66 67 68 
Interval 16: 63 64 65 66 67 68 
Interval 17: 60 61 62 63 64 65 66 
Interval 18: 60 61 62 63 64 65 
Interval 19: 63 64 65 
Interval 20: 60 61 62 63 
Interval 21: 56 57 58 59 60 61 
Interval 22: 57 58 59 60 
Interval 23: 51 52 53 54 55 56 57 58 
Interval 24: 52 53 54 55 56 
Interval 25: 51 52 53 54 
Interval 26: 48 49 50 51 52 
Interval 27: 48 49 50 
Interval 28: 0 1 2 3 4 5 6 7 8 9 10 11 12 13 48 
Interval 29: 11 12 13 14 15 16 17 18 19 20 21 22 23 24 25 26 27 
Interval 30: 24 25 26 27 28 29 30 31 32 33 34 35 36 37 38 39 40 
Interval 31: 36 37 38 39 40 41 42 43 44 45 46 47 48 
Interval 32: 43 44 45 46 47 48 
Interval 33: 44 45 46 47 
Interval 34: 0 1 2 3 4 5 6 7 8 9 10 11 12 13 15 16 17 18 19 20 43 44 45 
Interval 35: 0 1 2 3 4 5 6 7 8 9 10 11 12 21 22 23 24 25 27 28 29 30 32 33 34 35 36 37 38 39 42 43 
Interval 36: 7 8 9 10 11 12 13 14 15 16 17 18 19 20 21 22 23 24 25 26 27 28 29 30 31 32 33 
Interval 37: 18 19 20 21 22 23 24 25 26 27 28 29 30 31 32 33 34 35 36 37 38 39 40 41 42 43 
Interval 38: 29 30 31 32 33 34 35 36 37 38 39 40 41 42 43 
Interval 39: 40 41 42 43 
Interval 40: 39 40 41 42 
Interval 41: 37 38 39 40 
Interval 42: 24 25 26 27 28 29 30 31 32 33 37 38 
Interval 43: 30 31 32 33 34 35 36 37 
Interval 44: 33 34 35 36 
Interval 45: 24 25 26 27 28 29 30 31 32 33 34 
Interval 46: 24 25 26 27 28 29 30 31 32 33 
Interval 47: 24 25 26 27 28 29 30 31 32 
Interval 48: 28 29 30 31 
Interval 49: 24 25 26 27 28 29 
Interval 50: 24 25 26 27 28 
Interval 51: 24 25 26 27 
Interval 52: 0 1 2 3 4 5 6 7 8 9 10 11 12 13 14 15 16 17 18 19 20 21 22 23 24 
Interval 53: 5 6 7 8 9 10 11 12 13 14 15 16 17 18 19 20 21 22 23 
Interval 54: 16 17 18 19 20 21 22 23 
Interval 55: 20 21 22 23 
Interval 56: 15 16 17 18 19 20 21 
Interval 57: 16 17 18 19 
Interval 58: 3 4 5 6 7 15 16 17 
Interval 59: 6 7 8 9 10 11 12 13 14 15 
Interval 60: 12 13 14 
Interval 61: 3 4 5 6 7 8 9 10 11 12 
Interval 62: 3 4 5 6 9 10 11 
Interval 63: 5 6 7 8 9 
Interval 64: 3 4 5 6 7 8 
Interval 65: 3 4 5 6 7 
Interval 66: 0 1 2 3 4 
Interval 67: 0 1 2 
